[TEMPO]
0.0000000 
0.0100000 
0.0200000 
0.0300000 
0.0400000 
0.0500000 
0.0600000 
0.0700000 
0.0800000 
0.0900000 
0.1000000 
0.1100000 
0.1200000 
0.1300000 
0.1400000 
0.1500000 
0.1600000 
0.1700000 
0.1800000 
0.1900000 
0.2000000 
0.2100000 
0.2200000 
0.2300000 
0.2400000 
0.2500000 
0.2600000 
0.2700000 
0.2800000 
0.2900000 
0.3000000 
0.3100000 
0.3200000 
0.3300000 
0.3400000 
0.3500000 
0.3600000 
0.3700000 
0.3800000 
0.3900000 
0.4000000 
0.4100000 
0.4200000 
0.4300000 
0.4400000 
0.4500000 
0.4600000 
0.4700000 
0.4800000 
0.4900000 
0.5000000 
0.5100000 
0.5200000 
0.5300000 
0.5400000 
0.5500000 
0.5600000 
0.5700000 
0.5800000 
0.5900000 
0.6000000 
0.6100000 
0.6200000 
0.6300000 
0.6400000 
0.6500000 
0.6600000 
0.6700000 
0.6800000 
0.6900000 
0.7000000 
0.7100000 
0.7200000 
0.7300000 
0.7400000 
0.7500000 
0.7600000 
0.7700000 
0.7800000 
0.7900000 
0.8000000 
0.8100000 
0.8200000 
0.8300000 
0.8400000 
0.8500000 
0.8600000 
0.8700000 
0.8800000 
0.8900000 
0.9000000 
0.9100000 
0.9200000 
0.9300000 
0.9400000 
0.9500000 
0.9600000 
0.9700000 
0.9800000 
0.9900000 
1.0000000 
1.0100000 
1.0200000 
1.0300000 
1.0400000 
1.0500000 
1.0600000 
1.0700000 
1.0800000 
1.0900000 
1.1000000 
1.1100000 
1.1200000 
1.1300000 
1.1400000 
1.1500000 
1.1600000 
1.1700000 
1.1800000 
1.1900000 
1.2000000 
1.2100000 
1.2200000 
1.2300000 
1.2400000 
1.2500000 
1.2600000 
1.2700000 
1.2800000 
1.2900000 
1.3000000 
1.3100000 
1.3200000 
1.3300000 
1.3400000 
1.3500000 
1.3600000 
1.3700000 
1.3800000 
1.3900000 
1.4000000 
1.4100000 
1.4200000 
1.4300000 
1.4400000 
1.4500000 
1.4600000 
1.4700000 
1.4800000 
1.4900000 
1.5000000 
1.5100000 
1.5200000 
1.5300000 
1.5400000 
1.5500000 
1.5600000 
1.5700000 
1.5800000 
1.5900000 
1.6000000 
1.6100000 
1.6200000 
1.6300000 
1.6400000 
1.6500000 
1.6600000 
1.6700000 
1.6800000 
1.6900000 
1.7000000 
1.7100000 
1.7200000 
1.7300000 
1.7400000 
1.7500000 
1.7600000 
1.7700000 
1.7800000 
1.7900000 
1.8000000 
1.8100000 
1.8200000 
1.8300000 
1.8400000 
1.8500000 
1.8600000 
1.8700000 
1.8800000 
1.8900000 
1.9000000 
1.9100000 
1.9200000 
1.9300000 
1.9400000 
1.9500000 
1.9600000 
1.9700000 
1.9800000 
1.9900000 
[W1]
620.0000000 
629.9840000 
639.1360000 
647.4560000 
654.9440000 
661.6000000 
667.4240000 
672.4160000 
676.5760000 
679.9040000 
682.4000000 
684.0640000 
684.8960000 
684.7961600 
683.2403200 
680.3200000 
676.2348800 
671.1846400 
665.3689600 
658.9875200 
652.2400000 
645.3260800 
638.4454400 
631.7977600 
625.5827200 
620.0000000 
614.4172800 
608.2022400 
601.5545600 
594.6739200 
587.7600000 
581.0124800 
574.6310400 
568.8153600 
563.7651200 
559.6800000 
556.7596800 
555.2038400 
555.3036800 
557.5833600 
561.7600000 
567.4342400 
574.2067200 
581.6780800 
589.4489600 
597.1200000 
604.2918400 
610.5651200 
615.5404800 
618.8185600 
620.0000000 
620.0000000 
620.0000000 
620.0000000 
620.0000000 
620.0000000 
620.0000000 
620.0000000 
620.0000000 
620.0000000 
620.0000000 
620.0000000 
620.0000000 
620.0000000 
620.0000000 
620.0000000 
620.0000000 
620.0000000 
620.0000000 
620.0000000 
620.0000000 
620.0000000 
620.0000000 
620.0000000 
620.0000000 
620.0000000 
620.0000000 
620.0000000 
620.0000000 
620.0000000 
620.0000000 
620.0000000 
620.0000000 
620.0000000 
620.0000000 
620.0000000 
620.0000000 
620.0000000 
620.0000000 
620.0000000 
620.0000000 
620.0000000 
620.0000000 
620.0000000 
620.0000000 
620.0000000 
620.0000000 
620.0000000 
620.0000000 
620.0000000 
620.0000000 
619.4001920 
617.7359360 
615.2099840 
612.0250880 
608.3840000 
604.4894720 
600.5442560 
596.7511040 
593.3127680 
590.4320000 
588.3115520 
587.1541760 
587.1034880 
587.8933760 
589.3760000 
591.4499840 
594.0139520 
596.9665280 
600.2063360 
603.6320000 
607.1421440 
610.6353920 
614.0103680 
617.1656960 
620.0000000 
622.8343040 
625.9896320 
629.3646080 
632.8578560 
636.3680000 
639.7936640 
643.0334720 
645.9860480 
648.5500160 
650.6240000 
652.1066240 
652.8965120 
652.8458240 
651.6884480 
649.5680000 
646.6872320 
643.2488960 
639.4557440 
635.5105280 
631.6160000 
627.9749120 
624.7900160 
622.2640640 
620.5998080 
620.0000000 
620.5998080 
622.2640640 
624.7900160 
627.9749120 
631.6160000 
635.5105280 
639.4557440 
643.2488960 
646.6872320 
649.5680000 
651.6884480 
652.8458240 
652.8965120 
652.1066240 
650.6240000 
648.5500160 
645.9860480 
643.0334720 
639.7936640 
636.3680000 
632.8578560 
629.3646080 
625.9896320 
622.8343040 
620.0000000 
617.1656960 
614.0103680 
610.6353920 
607.1421440 
603.6320000 
600.2063360 
596.9665280 
594.0139520 
591.4499840 
589.3760000 
587.8933760 
587.1034880 
587.0528000 
587.4752000 
588.3200000 
589.5872000 
591.2768000 
593.3888000 
595.9232000 
598.8800000 
602.2592000 
606.0608000 
610.2848000 
614.9312000 
[W2]
620.0000000 
629.9840000 
639.1360000 
647.4560000 
654.9440000 
661.6000000 
667.4240000 
672.4160000 
676.5760000 
679.9040000 
682.4000000 
684.0640000 
684.8960000 
684.7961600 
683.2403200 
680.3200000 
676.2348800 
671.1846400 
665.3689600 
658.9875200 
652.2400000 
645.3260800 
638.4454400 
631.7977600 
625.5827200 
620.0000000 
614.4172800 
608.2022400 
601.5545600 
594.6739200 
587.7600000 
581.0124800 
574.6310400 
568.8153600 
563.7651200 
559.6800000 
556.7596800 
555.2038400 
555.3036800 
557.5833600 
561.7600000 
567.4342400 
574.2067200 
581.6780800 
589.4489600 
597.1200000 
604.2918400 
610.5651200 
615.5404800 
618.8185600 
620.0000000 
619.4001920 
617.7359360 
615.2099840 
612.0250880 
608.3840000 
604.4894720 
600.5442560 
596.7511040 
593.3127680 
590.4320000 
588.3115520 
587.1541760 
587.1034880 
587.8933760 
589.3760000 
591.4499840 
594.0139520 
596.9665280 
600.2063360 
603.6320000 
607.1421440 
610.6353920 
614.0103680 
617.1656960 
620.0000000 
622.8343040 
625.9896320 
629.3646080 
632.8578560 
636.3680000 
639.7936640 
643.0334720 
645.9860480 
648.5500160 
650.6240000 
652.1066240 
652.8965120 
652.8458240 
651.6884480 
649.5680000 
646.6872320 
643.2488960 
639.4557440 
635.5105280 
631.6160000 
627.9749120 
624.7900160 
622.2640640 
620.5998080 
620.0000000 
620.0000000 
620.0000000 
620.0000000 
620.0000000 
620.0000000 
620.0000000 
620.0000000 
620.0000000 
620.0000000 
620.0000000 
620.0000000 
620.0000000 
620.0000000 
620.0000000 
620.0000000 
620.0000000 
620.0000000 
620.0000000 
620.0000000 
620.0000000 
620.0000000 
620.0000000 
620.0000000 
620.0000000 
620.0000000 
620.0000000 
620.0000000 
620.0000000 
620.0000000 
620.0000000 
620.0000000 
620.0000000 
620.0000000 
620.0000000 
620.0000000 
620.0000000 
620.0000000 
620.0000000 
620.0000000 
620.0000000 
620.0000000 
620.0000000 
620.0000000 
620.0000000 
620.0000000 
620.0000000 
620.0000000 
620.0000000 
620.0000000 
620.0000000 
619.4001920 
617.7359360 
615.2099840 
612.0250880 
608.3840000 
604.4894720 
600.5442560 
596.7511040 
593.3127680 
590.4320000 
588.3115520 
587.1541760 
587.1034880 
587.8933760 
589.3760000 
591.4499840 
594.0139520 
596.9665280 
600.2063360 
603.6320000 
607.1421440 
610.6353920 
614.0103680 
617.1656960 
620.0000000 
622.8343040 
625.9896320 
629.3646080 
632.8578560 
636.3680000 
639.7936640 
643.0334720 
645.9860480 
648.5500160 
650.6240000 
652.1066240 
652.8965120 
652.9472000 
652.5248000 
651.6800000 
650.4128000 
648.7232000 
646.6112000 
644.0768000 
641.1200000 
637.7408000 
633.9392000 
629.7152000 
625.0688000 
[W3]
620.0000000 
629.9840000 
639.1360000 
647.4560000 
654.9440000 
661.6000000 
667.4240000 
672.4160000 
676.5760000 
679.9040000 
682.4000000 
684.0640000 
684.8960000 
684.7961600 
683.2403200 
680.3200000 
676.2348800 
671.1846400 
665.3689600 
658.9875200 
652.2400000 
645.3260800 
638.4454400 
631.7977600 
625.5827200 
620.0000000 
614.4172800 
608.2022400 
601.5545600 
594.6739200 
587.7600000 
581.0124800 
574.6310400 
568.8153600 
563.7651200 
559.6800000 
556.7596800 
555.2038400 
555.3036800 
557.5833600 
561.7600000 
567.4342400 
574.2067200 
581.6780800 
589.4489600 
597.1200000 
604.2918400 
610.5651200 
615.5404800 
618.8185600 
620.0000000 
620.0000000 
620.0000000 
620.0000000 
620.0000000 
620.0000000 
620.0000000 
620.0000000 
620.0000000 
620.0000000 
620.0000000 
620.0000000 
620.0000000 
620.0000000 
620.0000000 
620.0000000 
620.0000000 
620.0000000 
620.0000000 
620.0000000 
620.0000000 
620.0000000 
620.0000000 
620.0000000 
620.0000000 
620.0000000 
620.0000000 
620.0000000 
620.0000000 
620.0000000 
620.0000000 
620.0000000 
620.0000000 
620.0000000 
620.0000000 
620.0000000 
620.0000000 
620.0000000 
620.0000000 
620.0000000 
620.0000000 
620.0000000 
620.0000000 
620.0000000 
620.0000000 
620.0000000 
620.0000000 
620.0000000 
620.0000000 
620.0000000 
620.0000000 
620.5998080 
622.2640640 
624.7900160 
627.9749120 
631.6160000 
635.5105280 
639.4557440 
643.2488960 
646.6872320 
649.5680000 
651.6884480 
652.8458240 
652.8965120 
652.1066240 
650.6240000 
648.5500160 
645.9860480 
643.0334720 
639.7936640 
636.3680000 
632.8578560 
629.3646080 
625.9896320 
622.8343040 
620.0000000 
617.1656960 
614.0103680 
610.6353920 
607.1421440 
603.6320000 
600.2063360 
596.9665280 
594.0139520 
591.4499840 
589.3760000 
587.8933760 
587.1034880 
587.1034880 
587.8933760 
589.3760000 
591.4499840 
594.0139520 
596.9665280 
600.2063360 
603.6320000 
607.1421440 
610.6353920 
614.0103680 
617.1656960 
620.0000000 
622.8343040 
625.9896320 
629.3646080 
632.8578560 
636.3680000 
639.7936640 
643.0334720 
645.9860480 
648.5500160 
650.6240000 
652.1066240 
652.8965120 
652.8965120 
652.1066240 
650.6240000 
648.5500160 
645.9860480 
643.0334720 
639.7936640 
636.3680000 
632.8578560 
629.3646080 
625.9896320 
622.8343040 
620.0000000 
617.1656960 
614.0103680 
610.6353920 
607.1421440 
603.6320000 
600.2063360 
596.9665280 
594.0139520 
591.4499840 
589.3760000 
587.8933760 
587.1034880 
587.0528000 
587.4752000 
588.3200000 
589.5872000 
591.2768000 
593.3888000 
595.9232000 
598.8800000 
602.2592000 
606.0608000 
610.2848000 
614.9312000 
[W4]
620.0000000 
629.9840000 
639.1360000 
647.4560000 
654.9440000 
661.6000000 
667.4240000 
672.4160000 
676.5760000 
679.9040000 
682.4000000 
684.0640000 
684.8960000 
684.7961600 
683.2403200 
680.3200000 
676.2348800 
671.1846400 
665.3689600 
658.9875200 
652.2400000 
645.3260800 
638.4454400 
631.7977600 
625.5827200 
620.0000000 
614.4172800 
608.2022400 
601.5545600 
594.6739200 
587.7600000 
581.0124800 
574.6310400 
568.8153600 
563.7651200 
559.6800000 
556.7596800 
555.2038400 
555.2364408 
557.0286367 
560.3591837 
564.9632000 
570.5758041 
576.9321143 
583.7672490 
590.8163265 
597.8144653 
604.4967837 
610.5984000 
615.8544327 
620.0000000 
623.5639353 
627.2061440 
630.8583523 
634.4522867 
637.9196735 
641.1922390 
644.2017097 
646.8798119 
649.1582720 
650.9688163 
652.2431713 
652.9130632 
652.8965120 
652.1066240 
650.6240000 
648.5500160 
645.9860480 
643.0334720 
639.7936640 
636.3680000 
632.8578560 
629.3646080 
625.9896320 
622.8343040 
620.0000000 
617.1656960 
614.0103680 
610.6353920 
607.1421440 
603.6320000 
600.2063360 
596.9665280 
594.0139520 
591.4499840 
589.3760000 
587.8933760 
587.1034880 
587.1541760 
588.3115520 
590.4320000 
593.3127680 
596.7511040 
600.5442560 
604.4894720 
608.3840000 
612.0250880 
615.2099840 
617.7359360 
619.4001920 
620.0000000 
620.0000000 
620.0000000 
620.0000000 
620.0000000 
620.0000000 
620.0000000 
620.0000000 
620.0000000 
620.0000000 
620.0000000 
620.0000000 
620.0000000 
620.0000000 
620.0000000 
620.0000000 
620.0000000 
620.0000000 
620.0000000 
620.0000000 
620.0000000 
620.0000000 
620.0000000 
620.0000000 
620.0000000 
620.0000000 
620.0000000 
620.0000000 
620.0000000 
620.0000000 
620.0000000 
620.0000000 
620.0000000 
620.0000000 
620.0000000 
620.0000000 
620.0000000 
620.0000000 
620.0000000 
620.0000000 
620.0000000 
620.0000000 
620.0000000 
620.0000000 
620.0000000 
620.0000000 
620.0000000 
620.0000000 
620.0000000 
620.0000000 
620.0000000 
619.4001920 
617.7359360 
615.2099840 
612.0250880 
608.3840000 
604.4894720 
600.5442560 
596.7511040 
593.3127680 
590.4320000 
588.3115520 
587.1541760 
587.1034880 
587.8933760 
589.3760000 
591.4499840 
594.0139520 
596.9665280 
600.2063360 
603.6320000 
607.1421440 
610.6353920 
614.0103680 
617.1656960 
620.0000000 
622.8343040 
625.9896320 
629.3646080 
632.8578560 
636.3680000 
639.7936640 
643.0334720 
645.9860480 
648.5500160 
650.6240000 
652.1066240 
652.8965120 
652.9472000 
652.5248000 
651.6800000 
650.4128000 
648.7232000 
646.6112000 
644.0768000 
641.1200000 
637.7408000 
633.9392000 
629.7152000 
625.0688000 
[PHI]
0.0000000 
0.0000000 
0.0000000 
0.0000000 
0.0000000 
0.0000000 
0.0000000 
0.0000000 
0.0000000 
0.0000000 
0.0000000 
0.0000000 
0.0000000 
0.0000000 
0.0000000 
0.0000000 
0.0000000 
0.0000000 
0.0000000 
0.0000000 
0.0000000 
0.0000000 
0.0000000 
0.0000000 
0.0000000 
0.0000000 
0.0000000 
0.0000000 
0.0000000 
0.0000000 
0.0000000 
0.0000000 
0.0000000 
0.0000000 
0.0000000 
0.0000000 
0.0000000 
0.0000000 
-0.0000023 
-0.0001061 
-0.0007309 
-0.0026215 
-0.0067394 
-0.0141507 
-0.0258996 
-0.0428999 
-0.0657877 
-0.0947862 
-0.1295542 
-0.1690374 
-0.2113262 
-0.2534984 
-0.2914708 
-0.3200238 
-0.3331000 
-0.3240334 
-0.2857900 
-0.2113659 
-0.0940369 
0.0725745 
0.2939748 
0.5747191 
0.9180937 
1.3259516 
1.7980955 
2.3331040 
2.9280501 
3.5789127 
4.2806594 
5.0275269 
5.8131953 
6.6309475 
7.4738803 
8.3352178 
9.2083271 
10.0870358 
10.9657615 
11.8388528 
12.7001480 
13.5430317 
14.3606406 
15.1461339 
15.8928291 
16.5943685 
17.2450028 
17.8397204 
18.3744371 
18.8462669 
19.2536829 
19.5967977 
19.8780323 
20.1014322 
20.2725866 
20.3981862 
20.4856750 
20.5427828 
20.5769889 
20.5955009 
20.6044746 
20.6088483 
20.6118560 
20.6147572 
20.6176584 
20.6205598 
20.6234622 
20.6263689 
20.6292892 
20.6322441 
20.6352748 
20.6384516 
20.6418861 
20.6457389 
20.6502292 
20.6556329 
20.6622778 
20.6705244 
20.6807701 
20.6934147 
20.7088538 
20.7274550 
20.7495449 
20.7753941 
20.8052078 
20.8391171 
20.8771817 
20.9193916 
20.9656748 
21.0158849 
21.0697814 
21.1270231 
21.1871721 
21.2496973 
21.3139934 
21.3793966 
21.4452149 
21.5107517 
21.5753294 
21.6383415 
21.6992703 
21.7577372 
21.8135333 
21.8666069 
21.9170582 
21.9651061 
22.0110603 
22.0552910 
22.0981848 
22.1401218 
22.1814538 
22.2224658 
22.2633624 
22.3042401 
22.3450404 
22.3855349 
22.4253515 
22.4640068 
22.5009456 
22.5355642 
22.5672480 
22.5954027 
22.6194933 
22.6390595 
22.6537714 
22.6634304 
22.6680187 
22.6677177 
22.6627199 
22.6533403 
22.6399716 
22.6230644 
22.6031102 
22.5806280 
22.5561472 
22.5301916 
22.5032696 
22.4758417 
22.4483367 
22.4211822 
22.3948415 
22.3698087 
22.3465923 
22.3257001 
22.3076286 
22.2928367 
22.2817502 
22.2747364 
22.2720868 
22.2740080 
22.2806431 
22.2919452 
22.3078656 
22.3282896 
22.3530325 
22.3818549 
22.4144560 
22.4504751 
22.4894946 
22.5310311 
22.5745479 
22.6194401 
[THETA]
0.0000000 
0.0000000 
0.0000000 
0.0000000 
0.0000000 
0.0000000 
0.0000000 
0.0000000 
0.0000000 
0.0000000 
0.0000000 
0.0000000 
0.0000000 
0.0000000 
0.0000000 
0.0000000 
0.0000000 
0.0000000 
0.0000000 
0.0000000 
0.0000000 
0.0000000 
0.0000000 
0.0000000 
0.0000000 
0.0000000 
0.0000000 
0.0000000 
0.0000000 
0.0000000 
0.0000000 
0.0000000 
0.0000000 
0.0000000 
0.0000000 
0.0000000 
0.0000000 
0.0000000 
0.0000000 
0.0000000 
0.0000000 
0.0000000 
0.0000000 
0.0000000 
0.0000001 
0.0000003 
0.0000008 
0.0000015 
0.0000027 
0.0000043 
0.0000059 
0.0000070 
0.0000066 
0.0000039 
-0.0000015 
-0.0000098 
-0.0000208 
-0.0000339 
-0.0000483 
-0.0000632 
-0.0000779 
-0.0000920 
-0.0001053 
-0.0001176 
-0.0001287 
-0.0001383 
-0.0001464 
-0.0001533 
-0.0001599 
-0.0001673 
-0.0001768 
-0.0001901 
-0.0002089 
-0.0002346 
-0.0002686 
-0.0003117 
-0.0003645 
-0.0004270 
-0.0004988 
-0.0005787 
-0.0006645 
-0.0007531 
-0.0008404 
-0.0009215 
-0.0009911 
-0.0010435 
-0.0010735 
-0.0010766 
-0.0010495 
-0.0009909 
-0.0009022 
-0.0007867 
-0.0006490 
-0.0004944 
-0.0003280 
-0.0001542 
0.0000237 
0.0002034 
0.0003837 
0.0005640 
0.0007443 
0.0010242 
0.0025854 
0.0084898 
0.0233805 
0.0531277 
0.1044361 
0.1845262 
0.3006402 
0.4597276 
0.6681405 
0.9311571 
1.2526978 
1.6349524 
2.0780050 
2.5802279 
3.1389814 
3.7504604 
4.4099089 
5.1118820 
5.8503836 
6.6190700 
7.4114157 
8.2210003 
9.0415465 
9.8672304 
10.6927551 
11.5127884 
12.3215016 
13.1126613 
13.8798347 
14.6165306 
15.3164538 
15.9736514 
16.5827379 
17.1390383 
17.6387311 
18.0791486 
18.4587811 
18.7779088 
19.0384634 
19.2437394 
19.3983442 
19.5078308 
19.5784487 
19.6168866 
19.6298079 
19.6237041 
19.6047280 
19.5781909 
19.5484491 
19.5186070 
19.4906269 
19.4656743 
19.4442570 
19.4263228 
19.4113763 
19.3985856 
19.3868878 
19.3751036 
19.3620668 
19.3467017 
19.3281916 
19.3060449 
19.2801607 
19.2506565 
19.2176569 
19.1813756 
19.1420843 
19.1000980 
19.0557643 
19.0094535 
18.9615470 
18.9124259 
18.8624632 
18.8120004 
18.7613582 
18.7108602 
18.6608607 
18.6117411 
18.5638974 
18.5177291 
18.4736300 
18.4319680 
18.3930874 
18.3572889 
18.3248154 
18.2958432 
18.2704989 
18.2487598 
18.2305991 
18.2159364 
18.2046343 
18.1965103 
18.1913318 
18.1888177 
18.1886410 
18.1904221 
18.1937393 
18.1981171 
[PSI]
0.0000000 
0.0000000 
0.0000000 
0.0000000 
0.0000000 
0.0000000 
0.0000000 
0.0000000 
0.0000000 
0.0000000 
0.0000000 
0.0000000 
0.0000000 
0.0000000 
0.0000000 
0.0000000 
0.0000000 
0.0000000 
0.0000000 
0.0000000 
0.0000000 
0.0000000 
0.0000000 
0.0000000 
0.0000000 
0.0000000 
0.0000000 
0.0000000 
0.0000000 
0.0000000 
0.0000000 
0.0000000 
0.0000000 
0.0000000 
0.0000000 
0.0000000 
0.0000000 
0.0000000 
-0.0000002 
-0.0000100 
-0.0000686 
-0.0002459 
-0.0006322 
-0.0013275 
-0.0024297 
-0.0040245 
-0.0061716 
-0.0088920 
-0.0121536 
-0.0158576 
-0.0198247 
-0.0237909 
-0.0274909 
-0.0307382 
-0.0334222 
-0.0354944 
-0.0369562 
-0.0378468 
-0.0382302 
-0.0381866 
-0.0377989 
-0.0371448 
-0.0362856 
-0.0352563 
-0.0340672 
-0.0327254 
-0.0312444 
-0.0296420 
-0.0279383 
-0.0261544 
-0.0243102 
-0.0224239 
-0.0205102 
-0.0185805 
-0.0166423 
-0.0146996 
-0.0127534 
-0.0108024 
-0.0088419 
-0.0068637 
-0.0048556 
-0.0028011 
-0.0006805 
0.0015285 
0.0038494 
0.0063049 
0.0089156 
0.0116968 
0.0146572 
0.0177965 
0.0211023 
0.0245539 
0.0281248 
0.0317868 
0.0355128 
0.0392799 
0.0430706 
0.0468726 
0.0506790 
0.0544865 
0.0582942 
0.0621175 
0.0661413 
0.0708437 
0.0769485 
0.0853687 
0.0971433 
0.1133876 
0.1352159 
0.1636945 
0.1997961 
0.2443290 
0.2978979 
0.3608500 
0.4332210 
0.5147964 
0.6052206 
0.7039718 
0.8103950 
0.9237394 
1.0431777 
1.1678330 
1.2968009 
1.4291881 
1.5641168 
1.7007675 
1.8383892 
1.9762068 
2.1133389 
2.2488058 
2.3815561 
2.5104856 
2.6344775 
2.7524282 
2.8632905 
2.9661047 
3.0600310 
3.1444174 
3.2188127 
3.2830935 
3.3374810 
3.3824941 
3.4189312 
3.4477921 
3.4702203 
3.4874412 
3.5006628 
3.5110356 
3.5196075 
3.5272222 
3.5344860 
3.5416850 
3.5486446 
3.5546813 
3.5586783 
3.5591816 
3.5545191 
3.5428713 
3.5223845 
3.4912665 
3.4479050 
3.3909125 
3.3192953 
3.2324563 
3.1303441 
3.0135104 
2.8825427 
2.7384012 
2.5822834 
2.4155664 
2.2397531 
2.0564343 
1.8672350 
1.6737671 
1.4775968 
1.2801471 
1.0827444 
0.8867155 
0.6935011 
0.5046414 
0.3217251 
0.1463427 
-0.0199473 
-0.1757006 
-0.3195743 
-0.4504078 
-0.5672770 
-0.6695265 
-0.7566999 
-0.8289462 
-0.8864195 
-0.9294834 
-0.9587255 
-0.9749085 
-0.9789918 
-0.9721271 
-0.9556475 
-0.9310988 
-0.9001970 
-0.8648771 
[X]
0.0000000 
0.0000000 
0.0000000 
0.0000000 
0.0000000 
0.0000000 
0.0000000 
0.0000000 
0.0000000 
0.0000000 
0.0000000 
0.0000000 
0.0000000 
0.0000000 
0.0000000 
0.0000000 
0.0000000 
0.0000000 
0.0000000 
0.0000000 
0.0000000 
0.0000000 
0.0000000 
0.0000000 
0.0000000 
0.0000000 
0.0000000 
0.0000000 
0.0000000 
0.0000000 
0.0000000 
0.0000000 
0.0000000 
0.0000000 
0.0000000 
0.0000000 
0.0000000 
0.0000000 
0.0000000 
0.0000000 
0.0000000 
0.0000000 
0.0000000 
0.0000000 
0.0000000 
0.0000000 
0.0000000 
0.0000000 
0.0000000 
0.0000000 
0.0000000 
0.0000000 
0.0000000 
0.0000000 
0.0000000 
0.0000000 
0.0000001 
0.0000001 
0.0000001 
0.0000001 
0.0000001 
0.0000002 
0.0000002 
0.0000002 
0.0000001 
0.0000001 
0.0000000 
-0.0000001 
-0.0000002 
-0.0000004 
-0.0000006 
-0.0000008 
-0.0000011 
-0.0000015 
-0.0000019 
-0.0000023 
-0.0000028 
-0.0000033 
-0.0000039 
-0.0000045 
-0.0000052 
-0.0000058 
-0.0000065 
-0.0000072 
-0.0000079 
-0.0000087 
-0.0000093 
-0.0000100 
-0.0000106 
-0.0000111 
-0.0000116 
-0.0000119 
-0.0000121 
-0.0000121 
-0.0000120 
-0.0000116 
-0.0000111 
-0.0000102 
-0.0000091 
-0.0000077 
-0.0000060 
-0.0000039 
-0.0000014 
0.0000015 
0.0000050 
0.0000093 
0.0000150 
0.0000229 
0.0000345 
0.0000517 
0.0000773 
0.0001146 
0.0001682 
0.0002435 
0.0003468 
0.0004854 
0.0006676 
0.0009027 
0.0012007 
0.0015723 
0.0020291 
0.0025828 
0.0032461 
0.0040314 
0.0049518 
0.0060201 
0.0072493 
0.0086522 
0.0102416 
0.0120298 
0.0140287 
0.0162500 
0.0187045 
0.0214024 
0.0243531 
0.0275652 
0.0310465 
0.0348035 
0.0388424 
0.0431671 
0.0477806 
0.0526857 
0.0578841 
0.0633763 
0.0691623 
0.0752413 
0.0816124 
0.0882740 
0.0952247 
0.1024629 
0.1099870 
0.1177958 
0.1258877 
0.1342614 
0.1429149 
0.1518467 
0.1610548 
0.1705377 
0.1802935 
0.1903203 
0.2006161 
0.2111790 
0.2220069 
0.2330985 
0.2444517 
0.2560609 
0.2679253 
0.2800423 
0.2924090 
0.3050223 
0.3178792 
0.3309766 
0.3443113 
0.3578800 
0.3716796 
0.3857069 
0.3999587 
0.4144318 
0.4291231 
0.4440296 
0.4591481 
0.4744760 
0.4900103 
0.5057482 
0.5216875 
0.5378255 
0.5541600 
0.5706887 
0.5874108 
0.6043220 
0.6214212 
0.6387067 
0.6561770 
0.6738306 
0.6916662 
0.7096824 
0.7278784 
0.7462530 
0.7648052 
0.7835343 
[Y]
0.0000000 
0.0000000 
0.0000000 
0.0000000 
0.0000000 
0.0000000 
0.0000000 
0.0000000 
0.0000000 
0.0000000 
0.0000000 
0.0000000 
0.0000000 
0.0000000 
0.0000000 
0.0000000 
0.0000000 
0.0000000 
0.0000000 
0.0000000 
0.0000000 
0.0000000 
0.0000000 
0.0000000 
0.0000000 
0.0000000 
0.0000000 
0.0000000 
0.0000000 
0.0000000 
0.0000000 
0.0000000 
0.0000000 
0.0000000 
0.0000000 
0.0000000 
0.0000000 
0.0000000 
0.0000000 
0.0000000 
0.0000000 
0.0000000 
0.0000001 
0.0000002 
0.0000006 
0.0000014 
0.0000028 
0.0000054 
0.0000095 
0.0000157 
0.0000248 
0.0000374 
0.0000543 
0.0000760 
0.0001031 
0.0001358 
0.0001737 
0.0002163 
0.0002622 
0.0003094 
0.0003550 
0.0003952 
0.0004253 
0.0004395 
0.0004308 
0.0003913 
0.0003122 
0.0001834 
-0.0000058 
-0.0002671 
-0.0006126 
-0.0010554 
-0.0016087 
-0.0022861 
-0.0031015 
-0.0040690 
-0.0052022 
-0.0065152 
-0.0080215 
-0.0097345 
-0.0116671 
-0.0138317 
-0.0162400 
-0.0189030 
-0.0218308 
-0.0250327 
-0.0285171 
-0.0322911 
-0.0363609 
-0.0407317 
-0.0454064 
-0.0503885 
-0.0556798 
-0.0612814 
-0.0671936 
-0.0734161 
-0.0799481 
-0.0867886 
-0.0939360 
-0.1013891 
-0.1091466 
-0.1172071 
-0.1255675 
-0.1342271 
-0.1431845 
-0.1524380 
-0.1619864 
-0.1718279 
-0.1819613 
-0.1923851 
-0.2030978 
-0.2140981 
-0.2253845 
-0.2369560 
-0.2488109 
-0.2609467 
-0.2733625 
-0.2860568 
-0.2990280 
-0.3122746 
-0.3257951 
-0.3395878 
-0.3536513 
-0.3679840 
-0.3825843 
-0.3974508 
-0.4125820 
-0.4279763 
-0.4436323 
-0.4595486 
-0.4757237 
-0.4921563 
-0.5088450 
-0.5257885 
-0.5429857 
-0.5604352 
-0.5781359 
-0.5960867 
-0.6142869 
-0.6327349 
-0.6514290 
-0.6703686 
-0.6895525 
-0.7089796 
-0.7286487 
-0.7485590 
-0.7687094 
-0.7890993 
-0.8097280 
-0.8305952 
-0.8517006 
-0.8730442 
-0.8946260 
-0.9164459 
-0.9385033 
-0.9607977 
-0.9833285 
-1.0060953 
-1.0290971 
-1.0523334 
-1.0758033 
-1.0995064 
-1.1234419 
-1.1476098 
-1.1720099 
-1.1966388 
-1.2214973 
-1.2465851 
-1.2719014 
-1.2974454 
-1.3232166 
-1.3492143 
-1.3754377 
-1.4018864 
-1.4285597 
-1.4554569 
-1.4825776 
-1.5099210 
-1.5374868 
-1.5652742 
-1.5932829 
-1.6215122 
-1.6499617 
-1.6786308 
-1.7075192 
-1.7366264 
-1.7659518 
-1.7954950 
-1.8252567 
-1.8552339 
-1.8854265 
-1.9158341 
-1.9464560 
-1.9772914 
-2.0083397 
-2.0396001 
-2.0710721 
-2.1027547 
-2.1346475 
-2.1667497 
[Z]
0.0000000 
0.0000050 
0.0000398 
0.0001333 
0.0003126 
0.0006019 
0.0010230 
0.0015949 
0.0023338 
0.0032532 
0.0043634 
0.0056720 
0.0071863 
0.0089057 
0.0108269 
0.0129439 
0.0152455 
0.0177176 
0.0203421 
0.0230985 
0.0259647 
0.0289177 
0.0319343 
0.0349917 
0.0380686 
0.0411450 
0.0442031 
0.0472251 
0.0501921 
0.0530838 
0.0558799 
0.0585601 
0.0611053 
0.0634975 
0.0657204 
0.0677606 
0.0696074 
0.0712536 
0.0726942 
0.0739340 
0.0749799 
0.0758429 
0.0765395 
0.0770893 
0.0775138 
0.0778362 
0.0780795 
0.0782655 
0.0784142 
0.0785421 
0.0786608 
0.0787767 
0.0788923 
0.0790092 
0.0791284 
0.0792502 
0.0793747 
0.0795014 
0.0796299 
0.0797595 
0.0798893 
0.0800188 
0.0801474 
0.0802747 
0.0804005 
0.0805245 
0.0806463 
0.0807653 
0.0808806 
0.0809913 
0.0810963 
0.0811940 
0.0812829 
0.0813612 
0.0814269 
0.0814777 
0.0815112 
0.0815247 
0.0815155 
0.0814807 
0.0814171 
0.0813217 
0.0811915 
0.0810234 
0.0808144 
0.0805616 
0.0802625 
0.0799146 
0.0795155 
0.0790632 
0.0785562 
0.0779929 
0.0773720 
0.0766927 
0.0759544 
0.0751566 
0.0742993 
0.0733823 
0.0724060 
0.0713704 
0.0702759 
0.0691227 
0.0679113 
0.0666420 
0.0653150 
0.0639306 
0.0624893 
0.0609913 
0.0594373 
0.0578276 
0.0561627 
0.0544430 
0.0526689 
0.0508405 
0.0489580 
0.0470216 
0.0450309 
0.0429855 
0.0408849 
0.0387284 
0.0365151 
0.0342438 
0.0319133 
0.0295221 
0.0270684 
0.0245504 
0.0219661 
0.0193131 
0.0165890 
0.0137914 
0.0109175 
0.0079647 
0.0049303 
0.0018117 
-0.0013938 
-0.0046886 
-0.0080750 
-0.0115553 
-0.0151316 
-0.0188055 
-0.0225784 
-0.0264524 
-0.0304290 
-0.0345095 
-0.0386949 
-0.0429861 
-0.0473833 
-0.0518864 
-0.0564951 
-0.0612084 
-0.0660247 
-0.0709422 
-0.0759590 
-0.0810735 
-0.0862847 
-0.0915917 
-0.0969943 
-0.1024921 
-0.1080849 
-0.1137726 
-0.1195550 
-0.1254320 
-0.1314032 
-0.1374685 
-0.1436275 
-0.1498786 
-0.1562221 
-0.1626575 
-0.1691843 
-0.1758022 
-0.1825107 
-0.1893091 
-0.1961969 
-0.2031734 
-0.2102377 
-0.2173891 
-0.2246267 
-0.2319496 
-0.2393568 
-0.2468473 
-0.2544203 
-0.2620745 
-0.2698089 
-0.2776225 
-0.2855142 
-0.2934832 
-0.3015283 
-0.3096490 
-0.3178449 
-0.3261149 
-0.3344586 
-0.3428760 
-0.3513668 
-0.3599310 
-0.3685686 
-0.3772797 
-0.3860644 
-0.3949229 
-0.4038552 
-0.4128616 
