[TEMPO]
0.0000000 
0.0100000 
0.0200000 
0.0300000 
0.0400000 
0.0500000 
0.0600000 
0.0700000 
0.0800000 
0.0900000 
0.1000000 
0.1100000 
0.1200000 
0.1300000 
0.1400000 
0.1500000 
0.1600000 
0.1700000 
0.1800000 
0.1900000 
0.2000000 
0.2100000 
0.2200000 
0.2300000 
0.2400000 
0.2500000 
0.2600000 
0.2700000 
0.2800000 
0.2900000 
0.3000000 
0.3100000 
0.3200000 
0.3300000 
0.3400000 
0.3500000 
0.3600000 
0.3700000 
0.3800000 
0.3900000 
0.4000000 
0.4100000 
0.4200000 
0.4300000 
0.4400000 
0.4500000 
0.4600000 
0.4700000 
0.4800000 
0.4900000 
0.5000000 
0.5100000 
0.5200000 
0.5300000 
0.5400000 
0.5500000 
0.5600000 
0.5700000 
0.5800000 
0.5900000 
0.6000000 
0.6100000 
0.6200000 
0.6300000 
0.6400000 
0.6500000 
0.6600000 
0.6700000 
0.6800000 
0.6900000 
0.7000000 
0.7100000 
0.7200000 
0.7300000 
0.7400000 
0.7500000 
0.7600000 
0.7700000 
0.7800000 
0.7900000 
0.8000000 
0.8100000 
0.8200000 
0.8300000 
0.8400000 
0.8500000 
0.8600000 
0.8700000 
0.8800000 
0.8900000 
0.9000000 
0.9100000 
0.9200000 
0.9300000 
0.9400000 
0.9500000 
0.9600000 
0.9700000 
0.9800000 
0.9900000 
1.0000000 
1.0100000 
1.0200000 
1.0300000 
1.0400000 
1.0500000 
1.0600000 
1.0700000 
1.0800000 
1.0900000 
1.1000000 
1.1100000 
1.1200000 
1.1300000 
1.1400000 
1.1500000 
1.1600000 
1.1700000 
1.1800000 
1.1900000 
1.2000000 
1.2100000 
1.2200000 
1.2300000 
1.2400000 
1.2500000 
1.2600000 
1.2700000 
1.2800000 
1.2900000 
1.3000000 
1.3100000 
1.3200000 
1.3300000 
1.3400000 
1.3500000 
1.3600000 
1.3700000 
1.3800000 
1.3900000 
1.4000000 
1.4100000 
1.4200000 
1.4300000 
1.4400000 
1.4500000 
1.4600000 
1.4700000 
1.4800000 
1.4900000 
1.5000000 
1.5100000 
1.5200000 
1.5300000 
1.5400000 
1.5500000 
1.5600000 
1.5700000 
1.5800000 
1.5900000 
1.6000000 
1.6100000 
1.6200000 
1.6300000 
1.6400000 
1.6500000 
1.6600000 
1.6700000 
1.6800000 
1.6900000 
1.7000000 
1.7100000 
1.7200000 
1.7300000 
1.7400000 
1.7500000 
1.7600000 
1.7700000 
1.7800000 
1.7900000 
1.8000000 
1.8100000 
1.8200000 
1.8300000 
1.8400000 
1.8500000 
1.8600000 
1.8700000 
1.8800000 
1.8900000 
1.9000000 
1.9100000 
1.9200000 
1.9300000 
1.9400000 
1.9500000 
1.9600000 
1.9700000 
1.9800000 
1.9900000 
2.0000000 
2.0100000 
2.0200000 
2.0300000 
2.0400000 
2.0500000 
2.0600000 
2.0700000 
2.0800000 
2.0900000 
2.1000000 
2.1100000 
2.1200000 
2.1300000 
2.1400000 
2.1500000 
2.1600000 
2.1700000 
2.1800000 
2.1900000 
2.2000000 
2.2100000 
2.2200000 
2.2300000 
2.2400000 
2.2500000 
2.2600000 
2.2700000 
2.2800000 
2.2900000 
2.3000000 
2.3100000 
2.3200000 
2.3300000 
2.3400000 
2.3500000 
2.3600000 
2.3700000 
2.3800000 
2.3900000 
2.4000000 
2.4100000 
2.4200000 
2.4300000 
2.4400000 
2.4500000 
2.4600000 
2.4700000 
2.4800000 
2.4900000 
2.5000000 
2.5100000 
2.5200000 
2.5300000 
2.5400000 
2.5500000 
2.5600000 
2.5700000 
2.5800000 
2.5900000 
2.6000000 
2.6100000 
2.6200000 
2.6300000 
2.6400000 
2.6500000 
2.6600000 
2.6700000 
2.6800000 
2.6900000 
2.7000000 
2.7100000 
2.7200000 
2.7300000 
2.7400000 
2.7500000 
2.7600000 
2.7700000 
2.7800000 
2.7900000 
2.8000000 
2.8100000 
2.8200000 
2.8300000 
2.8400000 
2.8500000 
2.8600000 
2.8700000 
2.8800000 
2.8900000 
2.9000000 
2.9100000 
2.9200000 
2.9300000 
2.9400000 
2.9500000 
2.9600000 
2.9700000 
2.9800000 
2.9900000 
3.0000000 
3.0100000 
3.0200000 
3.0300000 
3.0400000 
3.0500000 
3.0600000 
3.0700000 
3.0800000 
3.0900000 
3.1000000 
3.1100000 
3.1200000 
3.1300000 
3.1400000 
3.1500000 
3.1600000 
3.1700000 
3.1800000 
3.1900000 
3.2000000 
3.2100000 
3.2200000 
3.2300000 
3.2400000 
3.2500000 
3.2600000 
3.2700000 
3.2800000 
3.2900000 
3.3000000 
3.3100000 
3.3200000 
3.3300000 
3.3400000 
3.3500000 
3.3600000 
3.3700000 
3.3800000 
3.3900000 
3.4000000 
3.4100000 
3.4200000 
3.4300000 
3.4400000 
3.4500000 
3.4600000 
3.4700000 
3.4800000 
3.4900000 
3.5000000 
3.5100000 
3.5200000 
3.5300000 
3.5400000 
3.5500000 
3.5600000 
3.5700000 
3.5800000 
3.5900000 
3.6000000 
3.6100000 
3.6200000 
3.6300000 
3.6400000 
3.6500000 
3.6600000 
3.6700000 
3.6800000 
3.6900000 
3.7000000 
3.7100000 
3.7200000 
3.7300000 
3.7400000 
3.7500000 
3.7600000 
3.7700000 
3.7800000 
3.7900000 
3.8000000 
3.8100000 
3.8200000 
3.8300000 
3.8400000 
3.8500000 
3.8600000 
3.8700000 
3.8800000 
3.8900000 
3.9000000 
3.9100000 
3.9200000 
3.9300000 
3.9400000 
3.9500000 
3.9600000 
3.9700000 
3.9800000 
3.9900000 
4.0000000 
4.0100000 
4.0200000 
4.0300000 
4.0400000 
4.0500000 
4.0600000 
4.0700000 
4.0800000 
4.0900000 
4.1000000 
4.1100000 
4.1200000 
4.1300000 
4.1400000 
4.1500000 
4.1600000 
4.1700000 
4.1800000 
4.1900000 
4.2000000 
4.2100000 
4.2200000 
4.2300000 
4.2400000 
4.2500000 
4.2600000 
4.2700000 
4.2800000 
4.2900000 
4.3000000 
4.3100000 
4.3200000 
4.3300000 
4.3400000 
4.3500000 
4.3600000 
4.3700000 
4.3800000 
4.3900000 
4.4000000 
4.4100000 
4.4200000 
4.4300000 
4.4400000 
4.4500000 
4.4600000 
4.4700000 
4.4800000 
4.4900000 
4.5000000 
4.5100000 
4.5200000 
4.5300000 
4.5400000 
4.5500000 
4.5600000 
4.5700000 
4.5800000 
4.5900000 
4.6000000 
4.6100000 
4.6200000 
4.6300000 
4.6400000 
4.6500000 
4.6600000 
4.6700000 
4.6800000 
4.6900000 
4.7000000 
4.7100000 
4.7200000 
4.7300000 
4.7400000 
4.7500000 
4.7600000 
4.7700000 
4.7800000 
4.7900000 
4.8000000 
4.8100000 
4.8200000 
4.8300000 
4.8400000 
4.8500000 
4.8600000 
4.8700000 
4.8800000 
4.8900000 
4.9000000 
4.9100000 
4.9200000 
4.9300000 
4.9400000 
4.9500000 
4.9600000 
4.9700000 
4.9800000 
4.9900000 
5.0000000 
5.0100000 
5.0200000 
5.0300000 
5.0400000 
5.0500000 
5.0600000 
5.0700000 
5.0800000 
5.0900000 
5.1000000 
5.1100000 
5.1200000 
5.1300000 
5.1400000 
5.1500000 
5.1600000 
5.1700000 
5.1800000 
5.1900000 
5.2000000 
5.2100000 
5.2200000 
5.2300000 
5.2400000 
5.2500000 
5.2600000 
5.2700000 
5.2800000 
5.2900000 
5.3000000 
5.3100000 
5.3200000 
5.3300000 
5.3400000 
5.3500000 
5.3600000 
5.3700000 
5.3800000 
5.3900000 
5.4000000 
5.4100000 
5.4200000 
5.4300000 
5.4400000 
5.4500000 
5.4600000 
5.4700000 
5.4800000 
5.4900000 
5.5000000 
5.5100000 
5.5200000 
5.5300000 
5.5400000 
5.5500000 
5.5600000 
5.5700000 
5.5800000 
5.5900000 
5.6000000 
5.6100000 
5.6200000 
5.6300000 
5.6400000 
5.6500000 
5.6600000 
5.6700000 
5.6800000 
5.6900000 
5.7000000 
5.7100000 
5.7200000 
5.7300000 
5.7400000 
5.7500000 
5.7600000 
5.7700000 
5.7800000 
5.7900000 
5.8000000 
5.8100000 
5.8200000 
5.8300000 
5.8400000 
5.8500000 
5.8600000 
5.8700000 
5.8800000 
5.8900000 
5.9000000 
5.9100000 
5.9200000 
5.9300000 
5.9400000 
5.9500000 
5.9600000 
5.9700000 
5.9800000 
5.9900000 
[W1]
625.0000000 
625.0000000 
625.0000000 
625.0000000 
625.0000000 
625.0000000 
625.0000000 
625.0000000 
625.0000000 
625.0000000 
625.0000000 
625.0000000 
625.0000000 
625.0000000 
625.0000000 
625.0000000 
625.0000000 
625.0000000 
625.0000000 
625.0000000 
625.0000000 
625.0000000 
625.0000000 
625.0000000 
625.0000000 
625.0000000 
625.0000000 
625.0000000 
625.0000000 
625.0000000 
625.0000000 
625.0000000 
625.0000000 
625.0000000 
625.0000000 
625.0000000 
625.0000000 
625.0000000 
625.0000000 
625.0000000 
625.0000000 
625.0000000 
625.0000000 
625.0000000 
625.0000000 
625.0000000 
625.0000000 
625.0000000 
625.0000000 
625.0000000 
595.6311522 
596.4807640 
597.1975755 
598.1264631 
598.8747886 
599.4927793 
600.2989116 
600.8835689 
601.5526593 
602.1305404 
602.6873076 
603.1409138 
603.6755666 
604.1615830 
604.6234464 
605.0002627 
605.3936440 
605.7482303 
606.1120774 
606.3953689 
606.7098285 
607.0115997 
607.2477707 
607.5192491 
607.7292030 
607.9228253 
608.1499406 
608.2796496 
608.4727466 
608.6257341 
608.7659041 
608.8962105 
609.0126726 
609.1259835 
609.2161992 
609.3261123 
609.3756424 
609.4708780 
609.5437627 
609.5866058 
609.6583998 
609.7165495 
609.7622386 
609.8107106 
609.8341469 
609.8838996 
609.9145188 
609.9297200 
609.9628130 
610.0026561 
610.0101066 
610.0398892 
610.0598955 
610.0806995 
610.1023926 
610.1250682 
610.1505271 
610.1763705 
610.2038709 
610.2185900 
610.2475085 
610.2785088 
610.3060170 
610.3397926 
610.3766900 
610.4093282 
610.4447990 
610.4864845 
610.5261274 
610.5730641 
610.6169882 
610.6634968 
610.7126336 
610.7641577 
610.8172202 
610.8716237 
610.9297160 
610.9906999 
611.0534033 
611.1186487 
611.1857969 
611.2552513 
611.3266659 
611.4001792 
611.4753828 
611.5531787 
611.6370712 
611.7144064 
611.7979755 
611.8852583 
611.9686582 
612.0591243 
612.1458860 
612.2390185 
612.3295314 
612.4227566 
612.5174319 
612.6134399 
612.7105279 
612.8086467 
612.9077252 
613.0076956 
613.1083759 
613.2100155 
613.3123351 
613.4152794 
613.5187846 
613.6227883 
613.7272298 
613.8320495 
613.9371896 
614.0425937 
614.1482070 
614.2539764 
614.3598503 
614.4657789 
614.5717139 
614.6776090 
614.7834194 
614.8891023 
614.9946166 
615.0999229 
615.2049840 
615.3097642 
615.4142299 
615.5183542 
615.6219768 
615.7253257 
615.8281451 
615.9305381 
616.0259424 
616.1319788 
616.2281947 
616.3299141 
616.4289350 
616.5331935 
616.6330650 
616.7253499 
616.8230819 
616.9221630 
617.0147659 
617.1096914 
617.2068469 
617.2989804 
617.3924700 
617.4852429 
617.5777396 
617.6768178 
617.7612140 
617.8502368 
617.9475357 
618.0297335 
618.1175968 
618.2032589 
618.2936592 
618.3786210 
618.4622741 
618.5481260 
618.6281871 
618.7162206 
618.8006674 
618.8802620 
618.9627865 
619.0420041 
619.1202159 
619.1970890 
619.2764607 
619.3575181 
619.4306971 
619.5027616 
619.5827678 
619.6578312 
619.7302162 
619.8014831 
619.8746902 
619.9427411 
620.0193970 
620.0874852 
620.1505588 
620.2210360 
620.2928037 
620.3534055 
620.4226277 
620.4856597 
620.5466936 
620.6175142 
620.6715190 
620.7406427 
620.8002268 
620.8593041 
620.9174674 
620.9747025 
621.0309843 
621.0862850 
621.1405693 
621.1909461 
621.2451872 
621.3061598 
621.3579005 
621.4013790 
621.4488825 
621.4989108 
621.5440012 
621.5915838 
621.6331546 
621.6834898 
621.7234846 
621.7667422 
621.8019045 
621.8442162 
621.8843924 
621.9240018 
621.9562657 
621.9945102 
622.0282472 
622.0611372 
622.0926627 
622.1230057 
622.1521971 
622.1802337 
622.2070990 
622.2327573 
622.2590543 
622.2817105 
622.3084262 
622.3452196 
622.3532703 
622.3795013 
622.3998040 
622.4123776 
622.4259684 
622.4554228 
622.4518288 
622.4781311 
622.4827331 
622.4915311 
622.5058561 
622.5042994 
622.5322517 
622.5216088 
622.5414995 
622.5305761 
622.5489612 
622.5490900 
622.5503309 
622.5503774 
622.5494817 
622.5476325 
622.5448471 
622.5411401 
622.5365269 
622.5185924 
622.5183049 
622.5084415 
622.5122477 
622.5011875 
622.4793370 
622.4856903 
622.4696170 
622.4459958 
622.4498472 
622.4315843 
622.4060487 
622.4075315 
622.3872467 
622.3718056 
622.3548803 
622.3374844 
622.3194854 
622.3009268 
622.2818250 
622.2622008 
622.2420743 
622.2214661 
622.2003967 
622.1789907 
622.1570326 
622.1347077 
622.1118899 
622.0786858 
622.0694954 
622.0444936 
622.0114079 
621.9886490 
621.9613136 
621.9461685 
621.9136378 
621.8903744 
621.8644570 
621.8356037 
621.8166498 
621.7838922 
621.7608105 
621.7356597 
621.7030040 
621.6805522 
621.6585206 
621.6262315 
621.6132228 
621.5867410 
621.5606843 
621.5345056 
621.5084823 
621.4825085 
621.4566545 
621.4309094 
621.4052989 
621.3798313 
621.3545224 
621.3293841 
621.3044294 
621.2796703 
621.2551187 
621.2307859 
621.2066830 
621.1828207 
621.1592091 
621.1358581 
621.1127773 
621.0899755 
621.0674616 
621.0452438 
621.0151237 
621.0021079 
620.9803863 
620.9516143 
620.9391658 
620.9107042 
620.8987986 
620.8715031 
620.8599856 
620.8343699 
620.8228967 
620.7978600 
620.7869743 
620.7629379 
620.7525781 
620.7294988 
620.7196904 
620.6973065 
620.6882747 
620.6669736 
620.6585128 
620.6381320 
620.6302663 
620.6108265 
620.6035572 
620.5850567 
620.5783836 
620.5608226 
620.5547418 
620.5381198 
620.5326234 
620.5169403 
620.5120164 
620.4978987 
620.4933423 
620.4789661 
620.4764522 
620.4622977 
620.4603474 
620.4518907 
620.4407365 
620.4394139 
620.4269969 
620.4246712 
620.4199295 
620.4117747 
620.4113842 
620.4037099 
620.4000615 
620.3959603 
620.3921340 
620.3886247 
620.3854300 
620.3825454 
620.3799663 
620.3776880 
620.3757058 
620.3738451 
620.3750774 
620.3730028 
620.3757544 
620.3692513 
620.3722946 
620.3722667 
620.3724460 
620.3728707 
620.3735372 
620.3744404 
620.3755749 
620.3769351 
620.3764198 
620.3844568 
620.3802947 
620.3887222 
620.3850009 
620.3937130 
620.3904663 
620.3994497 
620.3966454 
620.4058867 
620.4034924 
620.4129781 
620.4109617 
620.4206794 
620.4190094 
620.4289505 
620.4275906 
620.4377294 
620.4366581 
620.4469867 
620.4461722 
620.4566817 
620.4560889 
620.4667540 
620.4663625 
620.4771741 
620.4769557 
620.4878991 
620.4885315 
620.4956890 
620.5004963 
620.5062275 
620.5119704 
620.5201248 
620.5217628 
620.5330865 
620.5342816 
620.5409573 
620.5471591 
620.5518654 
620.5590271 
620.5654958 
620.5742457 
620.5760317 
620.5845032 
620.5925988 
620.5943027 
620.6057215 
620.6072228 
620.6143580 
620.6194969 
620.6277059 
620.6291089 
620.6404149 
620.6418692 
620.6491682 
620.6530083 
620.6603969 
620.6641312 
620.6715249 
620.6750567 
620.6824411 
620.6857577 
620.6931211 
620.6938709 
620.7024938 
620.7064694 
620.7130272 
620.7163905 
620.7226528 
620.7259742 
620.7325576 
620.7362738 
620.7424274 
620.7462038 
620.7496529 
620.7556889 
620.7589799 
620.7629919 
620.7669876 
620.7708997 
620.7747183 
620.7784414 
620.7820678 
620.7855969 
620.7890278 
620.7923600 
620.7948337 
620.7978726 
620.8008437 
620.8037165 
620.8064888 
620.8091599 
620.8117296 
620.8141978 
620.8165644 
620.8188292 
620.8209923 
620.8230537 
620.8250136 
620.8268721 
620.8267060 
620.8315183 
620.8323146 
620.8318808 
620.8365554 
620.8337977 
620.8384144 
620.8371902 
620.8414941 
620.8394401 
620.8431046 
620.8422161 
620.8456537 
620.8445614 
620.8477893 
620.8464098 
620.8494277 
620.8477745 
620.8505815 
620.8486460 
620.8492205 
620.8481972 
620.8502415 
620.8502832 
620.8493929 
620.8494783 
620.8484946 
620.8482224 
620.8478689 
620.8465409 
620.8459562 
620.8454124 
620.8438417 
620.8428087 
620.8414542 
620.8426104 
620.8401627 
620.8394431 
620.8374197 
620.8365101 
620.8344278 
620.8333371 
620.8320375 
620.8301477 
620.8281271 
620.8284593 
620.8261084 
620.8239163 
620.8227357 
620.8198374 
620.8198406 
620.8173921 
620.8149895 
620.8135424 
620.8095921 
620.8099737 
620.8074853 
[W2]
625.0000000 
625.0000000 
625.0000000 
625.0000000 
625.0000000 
625.0000000 
625.0000000 
625.0000000 
625.0000000 
625.0000000 
625.0000000 
625.0000000 
625.0000000 
625.0000000 
625.0000000 
625.0000000 
625.0000000 
625.0000000 
625.0000000 
625.0000000 
625.0000000 
625.0000000 
625.0000000 
625.0000000 
625.0000000 
625.0000000 
625.0000000 
625.0000000 
625.0000000 
625.0000000 
625.0000000 
625.0000000 
625.0000000 
625.0000000 
625.0000000 
625.0000000 
625.0000000 
625.0000000 
625.0000000 
625.0000000 
625.0000000 
625.0000000 
625.0000000 
625.0000000 
625.0000000 
625.0000000 
625.0000000 
625.0000000 
625.0000000 
625.0000000 
571.7165010 
573.0792646 
574.2566164 
575.8034208 
577.0851308 
578.1798997 
579.6060632 
580.6937329 
581.9420595 
583.0618246 
584.1669091 
585.1210103 
586.2270098 
587.2695696 
588.2879724 
589.1809438 
590.1149098 
590.9977221 
591.9071032 
592.6952252 
593.5437514 
594.3796705 
595.1171010 
595.9173822 
596.6249504 
597.3113065 
598.0533867 
598.6467890 
599.3399935 
599.9724670 
600.5857241 
601.1836271 
601.7598554 
602.3294070 
602.8634428 
603.4214770 
603.8929399 
604.4220841 
604.9160956 
605.3663262 
605.8475845 
606.3052335 
606.7414040 
607.1740191 
607.5715360 
607.9907082 
608.3820336 
608.7506042 
609.1295933 
609.5066199 
609.8470768 
610.1995135 
610.5362561 
610.8661327 
611.1892290 
611.5055599 
611.8162789 
612.1198250 
612.4170976 
612.7021212 
612.9867567 
613.2655564 
613.5372088 
613.8042939 
614.0658856 
614.3215641 
614.5724735 
614.8180492 
615.0592207 
615.2944048 
615.5261738 
615.7535064 
615.9763516 
616.1948493 
616.4096705 
616.6212077 
616.8277717 
617.0297252 
617.2282101 
617.4223849 
617.6130226 
617.7995904 
617.9825788 
618.1617407 
618.3378500 
618.5089023 
618.6650568 
618.8393519 
618.9980929 
619.1454935 
619.3091015 
619.4475395 
619.6054092 
619.7353824 
619.8837776 
620.0213412 
620.1544095 
620.2826852 
620.4076169 
620.5290276 
620.6469502 
620.7613895 
620.8802448 
620.9870692 
621.0910348 
621.1914994 
621.2885209 
621.3821076 
621.4722725 
621.5590289 
621.6423909 
621.7223733 
621.7989915 
621.8722617 
621.9422013 
622.0088284 
622.0721626 
622.1322249 
622.1890381 
622.2426266 
622.2930169 
622.3402377 
622.3843197 
622.4252959 
622.4632016 
622.4984001 
622.5300041 
622.5591146 
622.5849170 
622.6079498 
622.6058747 
622.6394283 
622.6392331 
622.6560762 
622.6635348 
622.6856721 
622.6935836 
622.6794795 
622.6802869 
622.6840270 
622.6700078 
622.6616951 
622.6585425 
622.6424930 
622.6294622 
622.6144074 
622.5984179 
622.5967089 
622.5621732 
622.5379207 
622.5308469 
622.4922056 
622.4654261 
622.4343481 
622.4125692 
622.3803187 
622.3458791 
622.3157302 
622.2754164 
622.2495604 
622.2175340 
622.1775930 
622.1430313 
622.1034900 
622.0628966 
622.0208589 
621.9833796 
621.9490252 
621.9034511 
621.8571669 
621.8232571 
621.7829127 
621.7397095 
621.6959355 
621.6558095 
621.6098138 
621.5758962 
621.5321347 
621.4832832 
621.4448200 
621.4091761 
621.3612038 
621.3247561 
621.2823985 
621.2391331 
621.2083266 
621.1600098 
621.1298505 
621.0906251 
621.0523302 
621.0145869 
620.9774087 
620.9408060 
620.9047861 
620.8693485 
620.8317334 
620.7994835 
620.7752122 
620.7437513 
620.7062875 
620.6743001 
620.6462673 
620.6154987 
620.5885926 
620.5581794 
620.5370149 
620.5087083 
620.4848487 
620.4560377 
620.4347922 
620.4134701 
620.3933471 
620.3691336 
620.3512824 
620.3315914 
620.3129381 
620.2949162 
620.2776655 
620.2612076 
620.2455373 
620.2306387 
620.2164815 
620.2043614 
620.1912451 
620.1825514 
620.1823133 
620.1637207 
620.1591072 
620.1519341 
620.1410548 
620.1322982 
620.1355085 
620.1183022 
620.1221332 
620.1131720 
620.1082695 
620.1082421 
620.0994225 
620.1106421 
620.0986335 
620.1071352 
620.0974969 
620.1073779 
620.1070036 
620.1084684 
620.1103121 
620.1126686 
620.1155084 
620.1188190 
620.1225859 
620.1267953 
620.1238713 
620.1326117 
620.1364272 
620.1495062 
620.1543947 
620.1535890 
620.1707752 
620.1750826 
620.1755854 
620.1936017 
620.1988229 
620.2003093 
620.2190417 
620.2250533 
620.2346831 
620.2440102 
620.2536360 
620.2634544 
620.2734685 
620.2836647 
620.2940320 
620.3045597 
620.3152369 
620.3260534 
620.3370666 
620.3481143 
620.3592920 
620.3704948 
620.3752131 
620.3960161 
620.4066944 
620.4122213 
620.4248636 
620.4346347 
620.4529142 
620.4595058 
620.4726000 
620.4840035 
620.4934548 
620.5099953 
620.5168319 
620.5306010 
620.5429492 
620.5498393 
620.5641833 
620.5789061 
620.5859117 
620.6073786 
620.6186568 
620.6301723 
620.6414910 
620.6528089 
620.6640273 
620.6751847 
620.6862565 
620.6972471 
620.7081481 
620.7189569 
620.7296685 
620.7402792 
620.7507848 
620.7611815 
620.7714656 
620.7816334 
620.7916813 
620.8016060 
620.8114041 
620.8210723 
620.8306075 
620.8400065 
620.8492666 
620.8505982 
620.8677224 
620.8761281 
620.8771705 
620.8936836 
620.8939149 
620.9101315 
620.9103686 
620.9260975 
620.9268672 
620.9417147 
620.9418628 
620.9563520 
620.9562983 
620.9703371 
620.9700250 
620.9836154 
620.9827271 
620.9960967 
620.9950734 
621.0079787 
621.0066373 
621.0190895 
621.0174544 
621.0294423 
621.0275161 
621.0390296 
621.0368202 
621.0478475 
621.0453655 
621.0558926 
621.0531523 
621.0631630 
621.0609904 
621.0702295 
621.0662967 
621.0769177 
621.0718397 
621.0819352 
621.0829489 
621.0797218 
621.0888409 
621.0825386 
621.0890517 
621.0917360 
621.0891792 
621.0965158 
621.0933032 
621.0949626 
621.0953872 
621.0955764 
621.0955961 
621.0954515 
621.0951448 
621.0946784 
621.0940548 
621.0932766 
621.0919822 
621.0946686 
621.0921206 
621.0959215 
621.0859574 
621.0891279 
621.0874095 
621.0854881 
621.0834285 
621.0812363 
621.0789145 
621.0764661 
621.0738942 
621.0681687 
621.0743320 
621.0625328 
621.0684298 
621.0564769 
621.0619939 
621.0499861 
621.0551421 
621.0430835 
621.0478975 
621.0357919 
621.0402836 
621.0281344 
621.0323246 
621.0201358 
621.0240513 
621.0118198 
621.0154628 
621.0032062 
621.0066043 
620.9943236 
620.9975024 
620.9851946 
620.9881564 
620.9758388 
620.9786081 
620.9662845 
620.9688779 
620.9575030 
620.9547416 
620.9487422 
620.9438720 
620.9389243 
620.9370338 
620.9265856 
620.9286260 
620.9175632 
620.9135002 
620.9087875 
620.9021258 
620.8985738 
620.8941303 
620.8923978 
620.8821691 
620.8801901 
620.8777347 
620.8675606 
620.8691245 
620.8588383 
620.8553221 
620.8494895 
620.8473024 
620.8372472 
620.8387359 
620.8289428 
620.8259299 
620.8190752 
620.8163054 
620.8095380 
620.8069336 
620.8001658 
620.7977270 
620.7909660 
620.7886952 
620.7794501 
620.7787324 
620.7731975 
620.7705076 
620.7646019 
620.7618451 
620.7561841 
620.7539895 
620.7490215 
620.7466532 
620.7420434 
620.7372705 
620.7352082 
620.7305786 
620.7268132 
620.7231846 
620.7196286 
620.7161373 
620.7127103 
620.7093481 
620.7060513 
620.7028204 
620.6996560 
620.6958605 
620.6927501 
620.6897381 
620.6867970 
620.6839252 
620.6811226 
620.6783894 
620.6757256 
620.6731312 
620.6706062 
620.6681504 
620.6657638 
620.6634462 
620.6611974 
620.6573983 
620.6579948 
620.6552986 
620.6517511 
620.6526522 
620.6474250 
620.6485511 
620.6449598 
620.6460974 
620.6421234 
620.6430411 
620.6403143 
620.6413045 
620.6386893 
620.6397610 
620.6371847 
620.6383339 
620.6358021 
620.6370240 
620.6345198 
620.6341505 
620.6326725 
620.6337325 
620.6333091 
620.6322709 
620.6321066 
620.6312240 
620.6309987 
620.6308218 
620.6299985 
620.6298481 
620.6298358 
620.6291329 
620.6289313 
620.6286021 
620.6303439 
620.6293327 
620.6297436 
620.6292363 
620.6296707 
620.6292868 
620.6297447 
620.6301236 
620.6301335 
620.6301192 
620.6320336 
620.6318924 
620.6319448 
620.6328545 
620.6324348 
620.6344212 
620.6345114 
620.6346962 
620.6356892 
620.6346969 
620.6372711 
620.6375895 
[W3]
625.0000000 
625.0000000 
625.0000000 
625.0000000 
625.0000000 
625.0000000 
625.0000000 
625.0000000 
625.0000000 
625.0000000 
625.0000000 
625.0000000 
625.0000000 
625.0000000 
625.0000000 
625.0000000 
625.0000000 
625.0000000 
625.0000000 
625.0000000 
625.0000000 
625.0000000 
625.0000000 
625.0000000 
625.0000000 
625.0000000 
625.0000000 
625.0000000 
625.0000000 
625.0000000 
625.0000000 
625.0000000 
625.0000000 
625.0000000 
625.0000000 
625.0000000 
625.0000000 
625.0000000 
625.0000000 
625.0000000 
625.0000000 
625.0000000 
625.0000000 
625.0000000 
625.0000000 
625.0000000 
625.0000000 
625.0000000 
625.0000000 
625.0000000 
590.5159838 
591.4477310 
592.2387595 
593.2680261 
594.1037533 
594.8004399 
595.7099527 
596.3791430 
597.1465908 
597.8173162 
598.4689413 
599.0097711 
599.6452487 
600.2304694 
600.7926025 
601.2631034 
601.7557894 
602.2083283 
602.6746238 
603.0532655 
603.4700766 
603.8754261 
604.2093358 
604.5856762 
604.8947960 
605.1875837 
605.5202769 
605.7445881 
606.0423118 
606.2961542 
606.5368441 
606.7675628 
606.9836701 
607.1970674 
607.3851716 
607.5959094 
607.7393815 
607.9342480 
608.1042022 
608.2407419 
608.4092317 
608.5622535 
608.7011437 
608.8425315 
608.9559556 
609.0972065 
609.2168981 
609.3191379 
609.4395666 
609.5659514 
609.6570534 
609.7704181 
609.8723851 
609.9738680 
610.0749098 
610.1755432 
610.2775010 
610.3783096 
610.4792438 
610.5663901 
610.6657758 
610.7656201 
610.8607377 
610.9601496 
611.0608732 
611.1563638 
611.2530067 
611.3535708 
611.4510768 
611.5532180 
611.6516382 
611.7509241 
611.8510769 
611.9518987 
612.0527976 
612.1536810 
612.2561537 
612.3595959 
612.4632605 
612.5676400 
612.6723630 
612.7776377 
612.8832807 
612.9893445 
613.0956684 
613.2025222 
613.3104222 
613.4168461 
613.5242677 
613.6315785 
613.7392755 
613.8462146 
613.9545486 
614.0608210 
614.1691920 
614.2767484 
614.3840322 
614.4908806 
614.5974591 
614.7036909 
614.8095351 
614.9149464 
615.0218060 
615.1261203 
615.2300180 
615.3333001 
615.4359402 
615.5379006 
615.6391462 
615.7396434 
615.8393600 
615.9382653 
616.0363304 
616.1335275 
616.2298308 
616.3252157 
616.4196595 
616.5131410 
616.6056411 
616.6971421 
616.7876283 
616.8770860 
616.9655032 
617.0528698 
617.1391776 
617.2245074 
617.3085135 
617.3916663 
617.4735659 
617.5544389 
617.6234941 
617.7099320 
617.7801817 
617.8590771 
617.9335425 
618.0158166 
618.0911426 
618.1551206 
618.2271280 
618.3009712 
618.3654414 
618.4332063 
618.5040450 
618.5678893 
618.6336094 
618.6983599 
618.7627507 
618.8357781 
618.8895690 
618.9495288 
619.0201045 
619.0715122 
619.1302440 
619.1863459 
619.2484102 
619.3038799 
619.3579210 
619.4147678 
619.4648555 
619.5245764 
619.5801742 
619.6302831 
619.6839958 
619.7341012 
619.7832850 
619.8312017 
619.8821857 
619.9352713 
619.9798141 
620.0234332 
620.0760717 
620.1235256 
620.1683588 
620.2122874 
620.2586172 
620.2997399 
620.3502796 
620.3920930 
620.4289884 
620.4739819 
620.5206644 
620.5560801 
620.6007648 
620.6394381 
620.6764405 
620.7237918 
620.7543896 
620.8006933 
620.8377089 
620.8745940 
620.9109490 
620.9467636 
620.9820183 
621.0166909 
621.0507516 
621.0813662 
621.1161750 
621.1579532 
621.1910758 
621.2165487 
621.2463521 
621.2789948 
621.3072580 
621.3383148 
621.3639874 
621.3984647 
621.4234184 
621.4518776 
621.4730208 
621.5013492 
621.5280240 
621.5545373 
621.5744866 
621.6004541 
621.6225438 
621.6442082 
621.6649589 
621.6849658 
621.7042563 
621.7228256 
621.7406564 
621.7577134 
621.7757085 
621.7906631 
621.8097266 
621.8384484 
621.8408752 
621.8604474 
621.8748599 
621.8824611 
621.8913087 
621.9150792 
621.9087287 
621.9301812 
621.9319822 
621.9379220 
621.9492160 
621.9462427 
621.9705775 
621.9598317 
621.9773010 
621.9668417 
621.9834367 
621.9835879 
621.9850025 
621.9855675 
621.9855086 
621.9848110 
621.9834856 
621.9815411 
621.9789867 
621.9645016 
621.9663053 
621.9595760 
621.9655167 
621.9580916 
621.9410203 
621.9498488 
621.9383978 
621.9202398 
621.9273108 
621.9143636 
621.8949400 
621.9003355 
621.8859995 
621.8762326 
621.8652491 
621.8539702 
621.8422700 
621.8301832 
621.8177199 
621.8048943 
621.7917200 
621.7782108 
621.7643806 
621.7503394 
621.7358841 
621.7211798 
621.7061058 
621.6815366 
621.6791886 
621.6623252 
621.6380519 
621.6233822 
621.6045310 
621.5970376 
621.5734657 
621.5585370 
621.5411816 
621.5211235 
621.5103277 
621.4866773 
621.4720796 
621.4555692 
621.4320341 
621.4180758 
621.4045352 
621.3813332 
621.3763004 
621.3585646 
621.3412179 
621.3237394 
621.3063876 
621.2890581 
621.2718138 
621.2546405 
621.2375586 
621.2205727 
621.2036939 
621.1869301 
621.1702901 
621.1537821 
621.1374141 
621.1211937 
621.1051282 
621.0892249 
621.0734904 
621.0579314 
621.0425540 
621.0273643 
621.0123679 
620.9975702 
620.9748808 
620.9689672 
620.9543622 
620.9326488 
620.9270369 
620.9053783 
620.9001183 
620.8793586 
620.8742868 
620.8549408 
620.8497013 
620.8306563 
620.8257858 
620.8074612 
620.8028903 
620.7852387 
620.7809866 
620.7637327 
620.7600240 
620.7435662 
620.7401859 
620.7243565 
620.7213250 
620.7061445 
620.7034596 
620.6889267 
620.6865852 
620.6727013 
620.6706969 
620.6574636 
620.6557865 
620.6432065 
620.6418434 
620.6305892 
620.6293230 
620.6174534 
620.6180702 
620.6060962 
620.6070172 
620.6008268 
620.5915742 
620.5927402 
620.5817937 
620.5815757 
620.5786075 
620.5717936 
620.5732434 
620.5666377 
620.5642554 
620.5612337 
620.5583646 
620.5556958 
620.5532267 
620.5509544 
620.5488760 
620.5469886 
620.5452892 
620.5435598 
620.5451318 
620.5429389 
620.5459325 
620.5386000 
620.5416648 
620.5412262 
620.5408966 
620.5407206 
620.5406971 
620.5408227 
620.5410940 
620.5415079 
620.5397419 
620.5473216 
620.5413315 
620.5491452 
620.5434544 
620.5513948 
620.5460529 
620.5541144 
620.5490980 
620.5572751 
620.5525607 
620.5608480 
620.5564122 
620.5648054 
620.5606253 
620.5691242 
620.5651717 
620.5737574 
620.5700204 
620.5786937 
620.5751484 
620.5839087 
620.5805277 
620.5893564 
620.5861284 
620.5950244 
620.5919290 
620.6008851 
620.5986655 
620.6034660 
620.6057071 
620.6089215 
620.6121274 
620.6178980 
620.6166714 
620.6257926 
620.6240845 
620.6282162 
620.6318334 
620.6338493 
620.6384755 
620.6423627 
620.6486331 
620.6475808 
620.6535818 
620.6591842 
620.6580850 
620.6671753 
620.6658968 
620.6705188 
620.6730707 
620.6788279 
620.6775326 
620.6865232 
620.6853306 
620.6902010 
620.6915248 
620.6965223 
620.6977874 
620.7028291 
620.7039406 
620.7090155 
620.7099656 
620.7150651 
620.7134705 
620.7198991 
620.7216434 
620.7260309 
620.7272211 
620.7313679 
620.7325845 
620.7371099 
620.7387921 
620.7429487 
620.7447618 
620.7462866 
620.7504262 
620.7518643 
620.7540570 
620.7562695 
620.7584355 
620.7605453 
620.7625973 
620.7645908 
620.7665253 
620.7684005 
620.7702157 
620.7712264 
620.7728302 
620.7744053 
620.7759219 
620.7773778 
620.7787727 
620.7801063 
620.7813784 
620.7825891 
620.7837381 
620.7848256 
620.7858514 
620.7868156 
620.7877183 
620.7867084 
620.7905384 
620.7905230 
620.7893669 
620.7931627 
620.7898339 
620.7936380 
620.7918660 
620.7954333 
620.7929362 
620.7959624 
620.7946495 
620.7975188 
620.7960756 
620.7988033 
620.7971492 
620.7997341 
620.7978805 
620.8003207 
620.7982572 
620.7986152 
620.7974902 
620.7993082 
620.7992454 
620.7983248 
620.7983558 
620.7974000 
620.7971428 
620.7968345 
620.7956286 
620.7951494 
620.7947337 
620.7933698 
620.7925350 
620.7914242 
620.7927208 
620.7906129 
620.7901612 
620.7884961 
620.7879043 
620.7862229 
620.7854978 
620.7845942 
620.7831523 
620.7816045 
620.7823101 
620.7804796 
620.7788160 
620.7781277 
620.7758126 
620.7762830 
620.7744318 
620.7726379 
620.7717650 
620.7685101 
620.7694079 
620.7675796 
[W4]
625.0000000 
625.0000000 
625.0000000 
625.0000000 
625.0000000 
625.0000000 
625.0000000 
625.0000000 
625.0000000 
625.0000000 
625.0000000 
625.0000000 
625.0000000 
625.0000000 
625.0000000 
625.0000000 
625.0000000 
625.0000000 
625.0000000 
625.0000000 
625.0000000 
625.0000000 
625.0000000 
625.0000000 
625.0000000 
625.0000000 
625.0000000 
625.0000000 
625.0000000 
625.0000000 
625.0000000 
625.0000000 
625.0000000 
625.0000000 
625.0000000 
625.0000000 
625.0000000 
625.0000000 
625.0000000 
625.0000000 
625.0000000 
625.0000000 
625.0000000 
625.0000000 
625.0000000 
625.0000000 
625.0000000 
625.0000000 
625.0000000 
625.0000000 
565.7154738 
567.2082218 
568.5016874 
570.2035913 
571.6185673 
572.8320292 
574.4120015 
575.6240482 
577.0151868 
578.2682174 
579.5078525 
580.5845604 
581.8302750 
583.0087463 
584.1629159 
585.1817135 
586.2473883 
587.2588655 
588.3011293 
589.2122291 
590.1909323 
591.1571535 
592.0169295 
592.9464979 
593.7758267 
594.5829121 
595.4515307 
596.1588226 
596.9754102 
597.7263522 
598.4567791 
599.1708045 
599.8615024 
600.5450351 
601.1901571 
601.8610247 
602.4384652 
603.0776501 
603.6786683 
604.2323974 
604.8186782 
605.3790782 
605.9159432 
606.4481882 
606.9425815 
607.4586286 
607.9445015 
608.4056571 
608.8763337 
609.3434954 
609.7721490 
610.2113679 
610.6333241 
611.0467863 
611.4518195 
611.8484030 
612.2375848 
612.6178813 
612.9901401 
613.3496873 
613.7060469 
614.0547618 
614.3952340 
614.7287985 
615.0548796 
615.3743187 
615.6871823 
615.9921176 
616.2918042 
616.5825088 
616.8693380 
617.1499592 
617.4242840 
617.6925155 
617.9556339 
618.2141531 
618.4655132 
618.7103013 
618.9501517 
619.1838476 
619.4124654 
619.6352534 
619.8528823 
620.0650089 
620.2726751 
620.4731876 
620.6534948 
620.8575398 
621.0405160 
621.2081837 
621.3966974 
621.5518188 
621.7318479 
621.8751410 
622.0418928 
622.1941485 
622.3401404 
622.4795237 
622.6141804 
622.7438995 
622.8687405 
622.9887267 
623.1139075 
623.2234014 
623.3288883 
623.4295709 
623.5255410 
623.6168280 
623.7034668 
623.7854930 
623.8629429 
623.9358538 
624.0042634 
624.0682106 
624.1277351 
624.1828778 
624.2336810 
624.2801885 
624.3224461 
624.3605014 
624.3944042 
624.4242067 
624.4499636 
624.4717317 
624.4895705 
624.5039598 
624.5138075 
624.5204714 
624.5229790 
624.5219997 
624.4906081 
624.5020918 
624.4728363 
624.4639638 
624.4437453 
624.4409542 
624.4210622 
624.3749426 
624.3465019 
624.3214637 
624.2753870 
624.2360204 
624.2026851 
624.1541815 
624.1092060 
624.0618540 
624.0134060 
623.9814988 
623.9115466 
623.8535544 
623.8153444 
623.7408657 
623.6800776 
623.6144365 
623.5594440 
623.4925902 
623.4233489 
623.3590445 
623.2833925 
623.2240810 
623.1579233 
623.0830519 
623.0143012 
622.9401670 
622.8650307 
622.7884864 
622.7171300 
622.6493519 
622.5695158 
622.4891529 
622.4224198 
622.3489219 
622.2725944 
622.1959160 
622.1234088 
622.0449317 
621.9794937 
621.9039800 
621.8234573 
621.7541490 
621.6881221 
621.6096034 
621.5433900 
621.4714546 
621.3989879 
621.3396655 
621.2628653 
621.2049504 
621.1382484 
621.0729247 
621.0086112 
620.9453274 
620.8830923 
620.8219215 
620.7618226 
620.7001037 
620.6441564 
620.5964860 
620.5423224 
620.4829004 
620.4293359 
620.3801170 
620.3288476 
620.2818149 
620.2320490 
620.1915900 
620.1449959 
620.1031547 
620.0573263 
620.0191154 
619.9814274 
619.9454421 
619.9063400 
619.8736526 
619.8399087 
619.8077314 
619.7767493 
619.7470870 
619.7187621 
619.6917673 
619.6660855 
619.6416868 
619.6197000 
619.5974666 
619.5797185 
619.5699028 
619.5447854 
619.5323560 
619.5183250 
619.5017315 
619.4875451 
619.4841502 
619.4639877 
619.4622483 
619.4502678 
619.4422709 
619.4389296 
619.4288015 
619.4359673 
619.4242747 
619.4302009 
619.4215693 
619.4296478 
619.4297166 
619.4318043 
619.4346905 
619.4384758 
619.4431251 
619.4486178 
619.4549315 
619.4620438 
619.4637279 
619.4753894 
619.4834018 
619.4994363 
619.5091163 
619.5144944 
619.5350244 
619.5452990 
619.5527839 
619.5750255 
619.5870236 
619.5962433 
619.6200152 
619.6335352 
619.6503256 
619.6671252 
619.6844229 
619.7021201 
619.7202090 
619.7386680 
619.7574780 
619.7766197 
619.7960742 
619.8158230 
619.8359056 
619.8561745 
619.8767010 
619.8973863 
619.9126346 
619.9418205 
619.9624115 
619.9786360 
620.0011050 
620.0211570 
620.0487219 
620.0661270 
620.0892869 
620.1110109 
620.1310424 
620.1574052 
620.1751600 
620.1991077 
620.2218049 
620.2395884 
620.2640860 
620.2889489 
620.3067697 
620.3377613 
620.3594381 
620.3812989 
620.4029395 
620.4245344 
620.4459866 
620.4673264 
620.4885252 
620.5095820 
620.5304836 
620.5512227 
620.5717896 
620.5921761 
620.6123738 
620.6323746 
620.6521705 
620.6717541 
620.6911178 
620.7102546 
620.7291574 
620.7478196 
620.7662346 
620.7843962 
620.8022984 
620.8122531 
620.8376615 
620.8543350 
620.8635491 
620.8880188 
620.8961117 
620.9200517 
620.9278304 
620.9510394 
620.9590346 
620.9811049 
620.9881461 
621.0095955 
621.0161026 
621.0368304 
621.0427429 
621.0627444 
621.0677282 
621.0872320 
621.0917436 
621.1104952 
621.1143453 
621.1323525 
621.1355663 
621.1528142 
621.1553953 
621.1718709 
621.1738294 
621.1895186 
621.1908679 
621.2057550 
621.2065132 
621.2205808 
621.2216294 
621.2346081 
621.2334783 
621.2476554 
621.2449998 
621.2583478 
621.2618951 
621.2607712 
621.2726960 
621.2679917 
621.2768636 
621.2815127 
621.2804110 
621.2897970 
621.2877231 
621.2907576 
621.2923394 
621.2935438 
621.2944434 
621.2950453 
621.2953539 
621.2953735 
621.2951086 
621.2945637 
621.2933251 
621.2963153 
621.2935345 
621.2975274 
621.2864992 
621.2896057 
621.2873174 
621.2847125 
621.2818633 
621.2787778 
621.2754614 
621.2719195 
621.2681576 
621.2608874 
621.2664347 
621.2524178 
621.2575173 
621.2431835 
621.2477199 
621.2331864 
621.2371875 
621.2224687 
621.2259629 
621.2110728 
621.2140892 
621.1990414 
621.2016102 
621.1864187 
621.1885768 
621.1732478 
621.1750053 
621.1595676 
621.1609621 
621.1454260 
621.1464927 
621.1308642 
621.1316135 
621.1159206 
621.1163862 
621.1006418 
621.1008491 
621.0860840 
621.0805083 
621.0714521 
621.0635835 
621.0556144 
621.0508810 
621.0370332 
621.0364421 
621.0219369 
621.0148482 
621.0070638 
620.9972088 
620.9906435 
620.9831347 
620.9784551 
620.9648666 
620.9599532 
620.9545380 
620.9410486 
620.9398443 
620.9262725 
620.9197782 
620.9108840 
620.9057914 
620.8925507 
620.8912924 
620.8783760 
620.8724899 
620.8626645 
620.8570676 
620.8473867 
620.8420030 
620.8323817 
620.8272155 
620.8176663 
620.8127236 
620.8007217 
620.7974142 
620.7892532 
620.7840062 
620.7755455 
620.7702983 
620.7621644 
620.7575487 
620.7501922 
620.7454772 
620.7385637 
620.7315343 
620.7272456 
620.7204455 
620.7145488 
620.7088324 
620.7032330 
620.6977431 
620.6923628 
620.6870931 
620.6819347 
620.6768887 
620.6719557 
620.6664570 
620.6616760 
620.6570402 
620.6525229 
620.6481226 
620.6438393 
620.6396733 
620.6356245 
620.6316931 
620.6278788 
620.6241817 
620.6206014 
620.6171377 
620.6137903 
620.6090274 
620.6084911 
620.6048684 
620.6005012 
620.6003927 
620.5945270 
620.5947220 
620.5905186 
620.5908153 
620.5863535 
620.5865475 
620.5833537 
620.5837031 
620.5807078 
620.5812193 
620.5783529 
620.5790213 
620.5762870 
620.5771066 
620.5744851 
620.5738922 
620.5723270 
620.5731506 
620.5726355 
620.5715937 
620.5713965 
620.5705784 
620.5704018 
620.5703091 
620.5696608 
620.5696652 
620.5698341 
620.5694053 
620.5694671 
620.5694546 
620.5713901 
620.5708087 
620.5715636 
620.5715069 
620.5723436 
620.5724595 
620.5733752 
620.5742473 
620.5748111 
620.5753796 
620.5777591 
620.5782560 
620.5789553 
620.5804690 
620.5807598 
620.5833197 
620.5841360 
620.5850598 
620.5867508 
620.5865984 
620.5898015 
620.5909173 
[PHI]
9.0000000 
9.0000000 
9.0000000 
9.0000000 
9.0000000 
9.0000000 
9.0000000 
9.0000000 
9.0000000 
9.0000000 
9.0000000 
9.0000000 
9.0000000 
9.0000000 
9.0000000 
9.0000000 
9.0000000 
9.0000000 
9.0000000 
9.0000000 
9.0000000 
9.0000000 
9.0000000 
9.0000000 
9.0000000 
9.0000000 
9.0000000 
9.0000000 
9.0000000 
9.0000000 
9.0000000 
9.0000000 
9.0000000 
9.0000000 
9.0000000 
9.0000000 
9.0000000 
9.0000000 
9.0000000 
9.0000000 
9.0000000 
9.0000000 
9.0000000 
9.0000000 
9.0000000 
9.0000000 
9.0000000 
9.0000000 
9.0000000 
9.0000000 
9.0000000 
8.9968943 
8.9878829 
8.9729837 
8.9524648 
8.9264179 
8.8949033 
8.8581487 
8.8162769 
8.7694656 
8.7178333 
8.6614939 
8.6005392 
8.5352004 
8.4656149 
8.3918709 
8.3141294 
8.2325347 
8.1472088 
8.0583207 
7.9659445 
7.8702692 
7.7714228 
7.6695140 
7.5647310 
7.4571318 
7.3468550 
7.2340628 
7.1188301 
7.0013324 
6.8816704 
6.7599635 
6.6363317 
6.5108888 
6.3837551 
6.2550329 
6.1248515 
5.9932942 
5.8604957 
5.7265509 
5.5915594 
5.4556363 
5.3188868 
5.1813990 
5.0432608 
4.9045741 
4.7654381 
4.6259338 
4.4861569 
4.3461955 
4.2061349 
4.0660583 
3.9260467 
3.7861782 
3.6465313 
3.5071809 
3.3682032 
3.2296776 
3.0916708 
2.9542577 
2.8175113 
2.6814933 
2.5462575 
2.4118846 
2.2784308 
2.1459384 
2.0144767 
1.8841164 
1.7548856 
1.6268683 
1.5000811 
1.3745890 
1.2504402 
1.1276826 
1.0063521 
0.8865064 
0.7681713 
0.6513957 
0.5362193 
0.4226785 
0.3108096 
0.2006464 
0.0922220 
-0.0144326 
-0.1192888 
-0.2223167 
-0.3234583 
-0.4227314 
-0.5200590 
-0.6154861 
-0.7089766 
-0.8004839 
-0.8900196 
-0.9775330 
-1.0630409 
-1.1465343 
-1.2279413 
-1.3072890 
-1.3845669 
-1.4597659 
-1.5328781 
-1.6038970 
-1.6727759 
-1.7395546 
-1.8042270 
-1.8667913 
-1.9272468 
-1.9855941 
-2.0418348 
-2.0959715 
-2.1480082 
-2.1979496 
-2.2458018 
-2.2915717 
-2.3352673 
-2.3768975 
-2.4164724 
-2.4540029 
-2.4895007 
-2.5229788 
-2.5544506 
-2.5839309 
-2.6114350 
-2.6369793 
-2.6605808 
-2.6822891 
-2.7020886 
-2.7200003 
-2.7360433 
-2.7502388 
-2.7626088 
-2.7731917 
-2.7819797 
-2.7890152 
-2.7943193 
-2.7979806 
-2.7998594 
-2.8001318 
-2.7987737 
-2.7958249 
-2.7912914 
-2.7852667 
-2.7776749 
-2.7686136 
-2.7580715 
-2.7461028 
-2.7327390 
-2.7180604 
-2.7020045 
-2.6846413 
-2.6660485 
-2.6461760 
-2.6250940 
-2.6028316 
-2.5794290 
-2.5549329 
-2.5293492 
-2.5027083 
-2.4750610 
-2.4464248 
-2.4168569 
-2.3863607 
-2.3549946 
-2.3227677 
-2.2897332 
-2.2559108 
-2.2213313 
-2.1860382 
-2.1500582 
-2.1134298 
-2.0761770 
-2.0383461 
-1.9999530 
-1.9610440 
-1.9216353 
-1.8817697 
-1.8414860 
-1.8007950 
-1.7597385 
-1.7183479 
-1.6766487 
-1.6346757 
-1.5924577 
-1.5500200 
-1.5073942 
-1.4646108 
-1.4216964 
-1.3786783 
-1.3355842 
-1.2924411 
-1.2492758 
-1.2061144 
-1.1629827 
-1.1199060 
-1.0769093 
-1.0340174 
-0.9912513 
-0.9486391 
-0.9062031 
-0.8639587 
-0.8219364 
-0.7801551 
-0.7386351 
-0.6973864 
-0.6564363 
-0.6158129 
-0.5755318 
-0.5356103 
-0.4960671 
-0.4569175 
-0.4181785 
-0.3798491 
-0.3419760 
-0.3045609 
-0.2676000 
-0.2311429 
-0.1951865 
-0.1597439 
-0.1248275 
-0.0904493 
-0.0566208 
-0.0233529 
0.0093455 
0.0414622 
0.0729714 
0.1038793 
0.1342080 
0.1639153 
0.1929927 
0.2214422 
0.2492764 
0.2764351 
0.3029804 
0.3288509 
0.3540804 
0.3786704 
0.4025904 
0.4258377 
0.4483948 
0.4703046 
0.4915327 
0.5121018 
0.5319895 
0.5512094 
0.5697578 
0.5876357 
0.6048441 
0.6213846 
0.6372589 
0.6524694 
0.6670187 
0.6809146 
0.6942040 
0.7068227 
0.7187607 
0.7300589 
0.7407216 
0.7507390 
0.7601385 
0.7689174 
0.7770684 
0.7846186 
0.7915660 
0.7979051 
0.8036626 
0.8088354 
0.8134312 
0.8174576 
0.8209222 
0.8238330 
0.8261981 
0.8280257 
0.8293243 
0.8301026 
0.8303693 
0.8301327 
0.8294024 
0.8281882 
0.8264996 
0.8243484 
0.8217314 
0.8186750 
0.8151931 
0.8112868 
0.8069706 
0.8022269 
0.7970981 
0.7915850 
0.7857013 
0.7794499 
0.7728270 
0.7658610 
0.7585620 
0.7509418 
0.7430115 
0.7347663 
0.7262461 
0.7174326 
0.7083306 
0.6989680 
0.6893523 
0.6794939 
0.6694029 
0.6590894 
0.6485635 
0.6378353 
0.6269147 
0.6158117 
0.6045361 
0.5930977 
0.5815061 
0.5697709 
0.5579017 
0.5459079 
0.5337989 
0.5215838 
0.5092719 
0.4968721 
0.4843933 
0.4718445 
0.4592341 
0.4465710 
0.4338638 
0.4211197 
0.4083482 
0.3955569 
0.3827536 
0.3699463 
0.3571427 
0.3443500 
0.3315763 
0.3188273 
0.3061125 
0.2934358 
0.2808076 
0.2682306 
0.2557157 
0.2432645 
0.2308882 
0.2185890 
0.2063756 
0.1942509 
0.1822236 
0.1702960 
0.1584764 
0.1467670 
0.1351758 
0.1237045 
0.1123609 
0.1011466 
0.0900687 
0.0791288 
0.0683333 
0.0576839 
0.0471865 
0.0368402 
0.0266556 
0.0166314 
0.0067690 
-0.0029235 
-0.0124471 
-0.0217995 
-0.0309763 
-0.0399759 
-0.0487923 
-0.0574271 
-0.0658802 
-0.0741512 
-0.0822317 
-0.0901218 
-0.0978219 
-0.1053302 
-0.1126456 
-0.1197672 
-0.1266940 
-0.1334254 
-0.1399608 
-0.1462997 
-0.1524419 
-0.1584105 
-0.1641662 
-0.1697242 
-0.1750898 
-0.1802512 
-0.1852192 
-0.1899933 
-0.1945720 
-0.1989559 
-0.2031458 
-0.2071427 
-0.2109475 
-0.2145612 
-0.2179786 
-0.2212108 
-0.2242563 
-0.2271153 
-0.2297910 
-0.2322836 
-0.2345958 
-0.2367288 
-0.2386847 
-0.2404655 
-0.2420728 
-0.2435093 
-0.2447764 
-0.2458771 
-0.2468127 
-0.2475867 
-0.2482000 
-0.2486567 
-0.2489576 
-0.2491067 
-0.2491052 
-0.2489571 
-0.2486636 
-0.2482288 
-0.2476543 
-0.2469437 
-0.2460990 
-0.2451237 
-0.2440204 
-0.2427936 
-0.2414445 
-0.2399739 
-0.2383868 
-0.2366906 
-0.2348808 
-0.2329619 
-0.2309394 
-0.2288151 
-0.2265920 
-0.2242849 
-0.2218757 
-0.2193764 
-0.2168017 
-0.2141381 
-0.2113926 
-0.2085713 
-0.2056741 
-0.2027037 
-0.1996665 
-0.1965635 
-0.1933988 
-0.1901754 
-0.1868941 
-0.1835577 
-0.1801721 
-0.1767384 
-0.1732597 
-0.1697389 
-0.1661787 
-0.1625819 
-0.1589513 
-0.1552897 
-0.1515995 
-0.1478838 
-0.1441449 
-0.1403856 
-0.1366084 
-0.1328158 
-0.1290105 
-0.1251947 
-0.1213711 
-0.1175424 
-0.1137100 
-0.1098768 
-0.1060448 
-0.1022166 
-0.0983944 
-0.0945802 
-0.0907762 
-0.0869843 
-0.0832068 
-0.0794455 
-0.0757025 
-0.0719795 
-0.0682786 
-0.0646013 
-0.0609497 
-0.0573256 
-0.0537306 
-0.0501662 
-0.0466340 
-0.0431356 
-0.0396724 
-0.0362460 
-0.0328576 
-0.0295087 
-0.0262005 
-0.0229343 
-0.0197114 
-0.0165329 
-0.0133998 
-0.0103132 
-0.0072745 
-0.0042838 
-0.0013422 
0.0015484 
0.0043884 
0.0071774 
0.0099131 
0.0125943 
0.0152229 
0.0177985 
0.0203198 
0.0227867 
0.0251982 
0.0275543 
0.0298541 
0.0320975 
0.0342839 
0.0364130 
0.0384846 
0.0404978 
0.0424529 
0.0443514 
0.0461891 
0.0479694 
0.0496909 
0.0513535 
0.0529573 
0.0545008 
0.0559869 
0.0574146 
0.0587824 
0.0600934 
0.0613463 
0.0625448 
0.0636836 
0.0647669 
0.0657938 
0.0667640 
0.0676783 
0.0685368 
0.0693402 
0.0700874 
0.0707827 
0.0714272 
0.0720162 
0.0725555 
0.0730455 
0.0734834 
0.0738691 
0.0742049 
0.0744938 
0.0747365 
0.0749303 
0.0750764 
0.0751751 
0.0752299 
[THETA]
8.0000000 
8.0000000 
8.0000000 
8.0000000 
8.0000000 
8.0000000 
8.0000000 
8.0000000 
8.0000000 
8.0000000 
8.0000000 
8.0000000 
8.0000000 
8.0000000 
8.0000000 
8.0000000 
8.0000000 
8.0000000 
8.0000000 
8.0000000 
8.0000000 
8.0000000 
8.0000000 
8.0000000 
8.0000000 
8.0000000 
8.0000000 
8.0000000 
8.0000000 
8.0000000 
8.0000000 
8.0000000 
8.0000000 
8.0000000 
8.0000000 
8.0000000 
8.0000000 
8.0000000 
8.0000000 
8.0000000 
8.0000000 
8.0000000 
8.0000000 
8.0000000 
8.0000000 
8.0000000 
8.0000000 
8.0000000 
8.0000000 
8.0000000 
8.0000000 
7.9979077 
7.9918028 
7.9816460 
7.9675697 
7.9495868 
7.9276885 
7.9019854 
7.8725164 
7.8393619 
7.8025607 
7.7621490 
7.7181469 
7.6706849 
7.6198234 
7.5655855 
7.5080538 
7.4473005 
7.3833810 
7.3163934 
7.2463563 
7.1733900 
7.0975647 
7.0189351 
6.9376318 
6.8536671 
6.7671291 
6.6781327 
6.5867103 
6.4929959 
6.3970518 
6.2989615 
6.1988111 
6.0966830 
5.9926688 
5.8868425 
5.7793113 
5.6701314 
5.5594221 
5.4472573 
5.3337186 
5.2189102 
5.1029281 
4.9858455 
4.8677356 
4.7486950 
4.6288215 
4.5081818 
4.3868716 
4.2649777 
4.1425827 
4.0197709 
3.8966282 
3.7732339 
3.6496687 
3.5260109 
3.4023390 
3.2787324 
3.1552679 
3.0320221 
2.9090724 
2.7864902 
2.6643409 
2.5427052 
2.4216494 
2.3012295 
2.1815183 
2.0625912 
1.9444915 
1.8273040 
1.7110615 
1.5958336 
1.4816767 
1.3686465 
1.2567881 
1.1461648 
1.0368123 
0.9287856 
0.8221311 
0.7168926 
0.6131128 
0.5108320 
0.4100893 
0.3109216 
0.2133631 
0.1174487 
0.0232384 
-0.0692767 
-0.1600202 
-0.2490272 
-0.3362593 
-0.4216688 
-0.5052619 
-0.5869878 
-0.6668586 
-0.7448626 
-0.8209306 
-0.8950852 
-0.9673149 
-1.0376095 
-1.1059604 
-1.1723603 
-1.2367652 
-1.2992119 
-1.3596942 
-1.4182109 
-1.4747617 
-1.5293478 
-1.5819716 
-1.6326368 
-1.6813483 
-1.7281120 
-1.7729354 
-1.8158266 
-1.8567951 
-1.8958514 
-1.9330069 
-1.9682743 
-2.0016669 
-2.0331992 
-2.0628865 
-2.0907449 
-2.1167916 
-2.1410444 
-2.1635220 
-2.1842725 
-2.2032848 
-2.2205809 
-2.2361816 
-2.2501094 
-2.2623872 
-2.2730530 
-2.2821031 
-2.2895788 
-2.2955024 
-2.2999564 
-2.3028193 
-2.3042513 
-2.3042340 
-2.3028060 
-2.2999755 
-2.2958284 
-2.2903005 
-2.2834811 
-2.2753628 
-2.2659963 
-2.2554120 
-2.2436824 
-2.2307558 
-2.2166958 
-2.2015723 
-2.1853444 
-2.1680751 
-2.1497920 
-2.1305318 
-2.1103367 
-2.0892140 
-2.0671918 
-2.0443152 
-2.0206012 
-1.9961001 
-1.9708165 
-1.9448017 
-1.9180648 
-1.8906521 
-1.8625819 
-1.8338813 
-1.8045881 
-1.7747260 
-1.7443281 
-1.7134156 
-1.6820280 
-1.6501797 
-1.6179097 
-1.5852326 
-1.5521841 
-1.5187972 
-1.4850815 
-1.4510719 
-1.4167948 
-1.3822716 
-1.3475311 
-1.3125975 
-1.2774917 
-1.2422399 
-1.2068669 
-1.1713948 
-1.1358460 
-1.1002429 
-1.0646078 
-1.0289622 
-0.9933274 
-0.9577242 
-0.9221731 
-0.8866941 
-0.8513073 
-0.8160292 
-0.7808827 
-0.7458854 
-0.7110494 
-0.6763993 
-0.6419500 
-0.6077177 
-0.5737098 
-0.5399484 
-0.5064559 
-0.4732445 
-0.4403278 
-0.4077206 
-0.3754348 
-0.3434839 
-0.3118667 
-0.2806209 
-0.2497472 
-0.2192423 
-0.1891461 
-0.1594558 
-0.1301817 
-0.1013336 
-0.0729210 
-0.0449529 
-0.0174380 
0.0096166 
0.0362013 
0.0622953 
0.0879036 
0.1130442 
0.1376830 
0.1618131 
0.1854362 
0.2085624 
0.2311429 
0.2532279 
0.2747676 
0.2957891 
0.3162935 
0.3362561 
0.3556744 
0.3745339 
0.3928692 
0.4106520 
0.4279007 
0.4445966 
0.4607504 
0.4763589 
0.4914224 
0.5059415 
0.5199169 
0.5333497 
0.5462414 
0.5585937 
0.5704124 
0.5817355 
0.5925100 
0.6027271 
0.6124200 
0.6215915 
0.6302331 
0.6383668 
0.6459899 
0.6530957 
0.6597060 
0.6658188 
0.6714287 
0.6765575 
0.6812018 
0.6853676 
0.6890605 
0.6922864 
0.6950513 
0.6973612 
0.6992226 
0.7006419 
0.7016258 
0.7021810 
0.7023138 
0.7020319 
0.7013427 
0.7002537 
0.6987744 
0.6969014 
0.6946564 
0.6920508 
0.6890849 
0.6857704 
0.6820920 
0.6780849 
0.6737495 
0.6690970 
0.6641292 
0.6588423 
0.6532602 
0.6473912 
0.6412447 
0.6348298 
0.6281420 
0.6212153 
0.6140334 
0.6065997 
0.5989380 
0.5910546 
0.5829578 
0.5746561 
0.5661578 
0.5574715 
0.5486054 
0.5395678 
0.5303670 
0.5210113 
0.5115088 
0.5018678 
0.4920962 
0.4822022 
0.4721936 
0.4620785 
0.4518645 
0.4415596 
0.4311713 
0.4207073 
0.4101751 
0.3995821 
0.3889357 
0.3782437 
0.3675116 
0.3567481 
0.3459598 
0.3351529 
0.3243349 
0.3135121 
0.3026909 
0.2918782 
0.2810794 
0.2703020 
0.2595503 
0.2488324 
0.2381516 
0.2275166 
0.2169296 
0.2063997 
0.1959293 
0.1855258 
0.1751919 
0.1649352 
0.1547578 
0.1446670 
0.1346647 
0.1247580 
0.1149487 
0.1052432 
0.0956433 
0.0861551 
0.0767802 
0.0675243 
0.0583889 
0.0493792 
0.0404946 
0.0317443 
0.0231273 
0.0146450 
0.0063045 
-0.0018951 
-0.0099514 
-0.0178608 
-0.0256216 
-0.0332286 
-0.0406831 
-0.0479849 
-0.0551333 
-0.0621213 
-0.0689487 
-0.0756158 
-0.0821210 
-0.0884632 
-0.0946413 
-0.1006548 
-0.1065027 
-0.1121846 
-0.1176999 
-0.1230484 
-0.1282496 
-0.1332701 
-0.1381226 
-0.1428115 
-0.1473269 
-0.1516778 
-0.1558637 
-0.1598832 
-0.1637369 
-0.1674254 
-0.1709493 
-0.1743095 
-0.1775068 
-0.1805366 
-0.1834083 
-0.1861208 
-0.1886741 
-0.1910707 
-0.1933110 
-0.1953972 
-0.1973302 
-0.1991118 
-0.2007437 
-0.2022272 
-0.2035646 
-0.2047570 
-0.2058071 
-0.2067157 
-0.2074860 
-0.2081187 
-0.2086171 
-0.2089822 
-0.2092171 
-0.2093228 
-0.2093028 
-0.2091581 
-0.2088922 
-0.2085063 
-0.2080035 
-0.2073857 
-0.2066556 
-0.2058156 
-0.2048693 
-0.2038179 
-0.2026620 
-0.2014058 
-0.2000557 
-0.1986078 
-0.1970658 
-0.1954345 
-0.1937153 
-0.1919110 
-0.1900340 
-0.1880689 
-0.1860259 
-0.1839177 
-0.1817324 
-0.1794763 
-0.1771544 
-0.1747666 
-0.1723152 
-0.1698057 
-0.1672389 
-0.1646183 
-0.1619464 
-0.1592240 
-0.1564532 
-0.1536393 
-0.1507831 
-0.1478872 
-0.1449542 
-0.1419861 
-0.1389857 
-0.1359550 
-0.1328965 
-0.1298124 
-0.1267051 
-0.1235767 
-0.1204294 
-0.1172655 
-0.1140870 
-0.1108962 
-0.1076951 
-0.1044860 
-0.1012711 
-0.0980516 
-0.0948300 
-0.0916080 
-0.0883876 
-0.0851710 
-0.0819596 
-0.0787555 
-0.0755603 
-0.0723758 
-0.0692037 
-0.0660457 
-0.0629032 
-0.0597781 
-0.0566717 
-0.0535856 
-0.0505216 
-0.0474809 
-0.0444648 
-0.0414747 
-0.0385120 
-0.0355778 
-0.0326735 
-0.0298003 
-0.0269593 
-0.0241516 
-0.0213784 
-0.0186406 
-0.0159393 
-0.0132754 
-0.0106497 
-0.0080636 
-0.0055171 
-0.0030112 
-0.0005475 
0.0018743 
0.0042538 
0.0065892 
0.0088794 
0.0111258 
0.0133281 
0.0154852 
0.0175971 
0.0196629 
0.0216824 
0.0236550 
0.0255804 
0.0274583 
0.0292883 
0.0310702 
0.0328032 
0.0344876 
0.0361245 
0.0377106 
0.0392484 
0.0407370 
0.0421761 
0.0435658 
0.0449048 
0.0461957 
0.0474372 
0.0486285 
0.0497719 
0.0508663 
0.0519148 
0.0529131 
0.0538645 
0.0547683 
0.0556242 
0.0564328 
0.0571942 
0.0579091 
0.0585764 
0.0591997 
0.0597799 
0.0603132 
0.0608043 
0.0612535 
0.0616585 
0.0620192 
0.0623374 
0.0626158 
0.0628548 
0.0630522 
0.0632090 
0.0633254 
0.0634044 
[PSI]
7.0000000 
7.0000000 
7.0000000 
7.0000000 
7.0000000 
7.0000000 
7.0000000 
7.0000000 
7.0000000 
7.0000000 
7.0000000 
7.0000000 
7.0000000 
7.0000000 
7.0000000 
7.0000000 
7.0000000 
7.0000000 
7.0000000 
7.0000000 
7.0000000 
7.0000000 
7.0000000 
7.0000000 
7.0000000 
7.0000000 
7.0000000 
7.0000000 
7.0000000 
7.0000000 
7.0000000 
7.0000000 
7.0000000 
7.0000000 
7.0000000 
7.0000000 
7.0000000 
7.0000000 
7.0000000 
7.0000000 
7.0000000 
7.0000000 
7.0000000 
7.0000000 
7.0000000 
7.0000000 
7.0000000 
7.0000000 
7.0000000 
7.0000000 
7.0000000 
6.9974736 
6.9901339 
6.9779830 
6.9612295 
6.9399396 
6.9141561 
6.8840609 
6.8497517 
6.8113730 
6.7690224 
6.7227950 
6.6727693 
6.6191400 
6.5620256 
6.5015055 
6.4377195 
6.3707954 
6.3008429 
6.2280109 
6.1523723 
6.0740927 
5.9932894 
5.9100646 
5.8245837 
5.7369092 
5.6471678 
5.5555037 
5.4619944 
5.3667931 
5.2699965 
5.1717150 
5.0720586 
4.9711328 
4.8690467 
4.7658966 
4.6617958 
4.5568269 
4.4511044 
4.3447167 
4.2377545 
4.1303155 
4.0224898 
3.9143581 
3.8060010 
3.6975037 
3.5889462 
3.4804049 
3.3719562 
3.2636723 
3.1556239 
3.0478771 
2.9404931 
2.8335337 
2.7270600 
2.6211290 
2.5158000 
2.4111362 
2.3071833 
2.2039987 
2.1016362 
2.0001360 
1.8995298 
1.7998802 
1.7012209 
1.6035727 
1.5069841 
1.4115042 
1.3171394 
1.2239510 
1.1319350 
1.0411339 
0.9515742 
0.8632814 
0.7762706 
0.6905760 
0.6062038 
0.5231801 
0.4415231 
0.3612481 
0.2823703 
0.2049030 
0.1288585 
0.0542480 
-0.0189196 
-0.0906341 
-0.1608631 
-0.2296340 
-0.2969000 
-0.3627083 
-0.4270431 
-0.4898808 
-0.5512417 
-0.6110991 
-0.6694766 
-0.7263776 
-0.7817601 
-0.8356539 
-0.8880612 
-0.9389848 
-0.9884279 
-1.0363946 
-1.0828607 
-1.1278624 
-1.1714028 
-1.2134881 
-1.2541251 
-1.2933207 
-1.3310824 
-1.3674184 
-1.4023369 
-1.4358467 
-1.4679572 
-1.4986778 
-1.5280185 
-1.5559897 
-1.5826020 
-1.6078665 
-1.6317944 
-1.6543974 
-1.6756875 
-1.6956769 
-1.7143783 
-1.7318044 
-1.7479685 
-1.7629045 
-1.7766039 
-1.7890816 
-1.8003511 
-1.8104271 
-1.8193245 
-1.8270687 
-1.8336551 
-1.8391111 
-1.8434503 
-1.8467299 
-1.8488593 
-1.8499517 
-1.8499910 
-1.8490023 
-1.8469883 
-1.8440089 
-1.8400135 
-1.8350644 
-1.8291527 
-1.8223122 
-1.8145619 
-1.8059526 
-1.7964418 
-1.7860734 
-1.7748965 
-1.7628763 
-1.7500569 
-1.7364554 
-1.7220962 
-1.7070083 
-1.6911933 
-1.6746692 
-1.6574675 
-1.6395976 
-1.6210956 
-1.6019613 
-1.5822320 
-1.5619110 
-1.5410322 
-1.5196066 
-1.4976525 
-1.4751974 
-1.4522571 
-1.4288559 
-1.4050075 
-1.3807421 
-1.3560679 
-1.3310153 
-1.3055925 
-1.2798276 
-1.2537463 
-1.2273527 
-1.2006746 
-1.1737323 
-1.1465412 
-1.1191245 
-1.0915008 
-1.0636855 
-1.0356997 
-1.0075638 
-0.9792950 
-0.9509110 
-0.9224304 
-0.8938711 
-0.8652509 
-0.8365875 
-0.8078983 
-0.7792005 
-0.7505109 
-0.7218466 
-0.6932229 
-0.6646576 
-0.6361668 
-0.6077628 
-0.5794650 
-0.5512874 
-0.5232444 
-0.4953449 
-0.4676071 
-0.4400497 
-0.4126847 
-0.3855250 
-0.3585841 
-0.3318735 
-0.3054059 
-0.2791828 
-0.2532348 
-0.2275650 
-0.2021733 
-0.1770923 
-0.1523221 
-0.1278729 
-0.1037543 
-0.0799758 
-0.0565463 
-0.0334745 
-0.0107680 
0.0115640 
0.0335030 
0.0550514 
0.0762223 
0.0969866 
0.1173373 
0.1372743 
0.1568047 
0.1758870 
0.1945613 
0.2127856 
0.2305810 
0.2479475 
0.2648635 
0.2813259 
0.2973219 
0.3128793 
0.3279738 
0.3426200 
0.3568014 
0.3705266 
0.3837919 
0.3965972 
0.4089425 
0.4208279 
0.4322539 
0.4432212 
0.4537310 
0.4637881 
0.4734242 
0.4825942 
0.4912904 
0.4995406 
0.5073474 
0.5147031 
0.5216266 
0.5281154 
0.5341638 
0.5397904 
0.5449935 
0.5497686 
0.5541342 
0.5580876 
0.5616340 
0.5647784 
0.5675259 
0.5698817 
0.5718513 
0.5734403 
0.5746544 
0.5754994 
0.5759815 
0.5761062 
0.5758802 
0.5753102 
0.5744028 
0.5731662 
0.5715981 
0.5697170 
0.5675328 
0.5650461 
0.5622671 
0.5591832 
0.5558245 
0.5521915 
0.5482940 
0.5441338 
0.5397082 
0.5350375 
0.5301287 
0.5249903 
0.5196301 
0.5140447 
0.5082625 
0.5022705 
0.4960718 
0.4896866 
0.4831201 
0.4763797 
0.4694726 
0.4624061 
0.4551872 
0.4478232 
0.4403211 
0.4326880 
0.4249309 
0.4170567 
0.4090724 
0.4009847 
0.3928004 
0.3845263 
0.3761689 
0.3677348 
0.3592305 
0.3506623 
0.3420367 
0.3333598 
0.3246378 
0.3158767 
0.3070830 
0.2982613 
0.2894187 
0.2805604 
0.2716918 
0.2628187 
0.2539465 
0.2450801 
0.2362254 
0.2273864 
0.2185695 
0.2097779 
0.2010184 
0.1922932 
0.1836097 
0.1749692 
0.1663795 
0.1578421 
0.1493630 
0.1409444 
0.1325921 
0.1243079 
0.1160976 
0.1079625 
0.0999084 
0.0919364 
0.0840518 
0.0762558 
0.0685532 
0.0609453 
0.0534364 
0.0460278 
0.0387233 
0.0315226 
0.0244328 
0.0174530 
0.0105843 
0.0038322 
-0.0028041 
-0.0093228 
-0.0157210 
-0.0219976 
-0.0281485 
-0.0341748 
-0.0400764 
-0.0458530 
-0.0514989 
-0.0570140 
-0.0623988 
-0.0676520 
-0.0727728 
-0.0777605 
-0.0826146 
-0.0873346 
-0.0919200 
-0.0963707 
-0.1006862 
-0.1048826 
-0.1089329 
-0.1128475 
-0.1166299 
-0.1202722 
-0.1237816 
-0.1271579 
-0.1304000 
-0.1335083 
-0.1364834 
-0.1393257 
-0.1420361 
-0.1446152 
-0.1470593 
-0.1493761 
-0.1515645 
-0.1536247 
-0.1555586 
-0.1573667 
-0.1590505 
-0.1606110 
-0.1620495 
-0.1633673 
-0.1645656 
-0.1656462 
-0.1666099 
-0.1674589 
-0.1681939 
-0.1688174 
-0.1693299 
-0.1697341 
-0.1700308 
-0.1702224 
-0.1703098 
-0.1702958 
-0.1701810 
-0.1699683 
-0.1696588 
-0.1692548 
-0.1687579 
-0.1681701 
-0.1674934 
-0.1667308 
-0.1658831 
-0.1649507 
-0.1639371 
-0.1628475 
-0.1616785 
-0.1604333 
-0.1591156 
-0.1577266 
-0.1562684 
-0.1547513 
-0.1531624 
-0.1515102 
-0.1498050 
-0.1480370 
-0.1462112 
-0.1443319 
-0.1423988 
-0.1404138 
-0.1383813 
-0.1363021 
-0.1341788 
-0.1320135 
-0.1298068 
-0.1275606 
-0.1252788 
-0.1229623 
-0.1206133 
-0.1182335 
-0.1158250 
-0.1133897 
-0.1109294 
-0.1084461 
-0.1059415 
-0.1034176 
-0.1008761 
-0.0983188 
-0.0957475 
-0.0931640 
-0.0905701 
-0.0879673 
-0.0853575 
-0.0827426 
-0.0801236 
-0.0775024 
-0.0748805 
-0.0722595 
-0.0696411 
-0.0670266 
-0.0644176 
-0.0618155 
-0.0592218 
-0.0566378 
-0.0540648 
-0.0515042 
-0.0489574 
-0.0464255 
-0.0439099 
-0.0414119 
-0.0389325 
-0.0364730 
-0.0340344 
-0.0316178 
-0.0292242 
-0.0268548 
-0.0245104 
-0.0221921 
-0.0199008 
-0.0176373 
-0.0154025 
-0.0131973 
-0.0110225 
-0.0088787 
-0.0067670 
-0.0046875 
-0.0026410 
-0.0006287 
0.0013494 
0.0032932 
0.0052010 
0.0070720 
0.0089073 
0.0107068 
0.0124694 
0.0141952 
0.0158833 
0.0175338 
0.0191459 
0.0207196 
0.0222545 
0.0237503 
0.0252068 
0.0266234 
0.0280003 
0.0293385 
0.0306351 
0.0318923 
0.0331093 
0.0342858 
0.0354220 
0.0365167 
0.0375721 
0.0385872 
0.0395611 
0.0404959 
0.0413907 
0.0422480 
0.0430641 
0.0438420 
0.0445809 
0.0452807 
0.0459418 
0.0465643 
0.0471487 
0.0476943 
0.0482039 
0.0486782 
0.0491142 
0.0495156 
0.0498829 
0.0502140 
0.0505088 
0.0507690 
0.0509965 
0.0511919 
0.0513533 
0.0514815 
0.0515766 
0.0516412 
[X]
0.0000000 
0.0000774 
0.0003112 
0.0006979 
0.0012369 
0.0019274 
0.0027684 
0.0037593 
0.0048992 
0.0061874 
0.0076230 
0.0092052 
0.0109333 
0.0128065 
0.0148240 
0.0169851 
0.0192889 
0.0217348 
0.0243220 
0.0270497 
0.0299171 
0.0329236 
0.0360684 
0.0393507 
0.0427698 
0.0463250 
0.0500156 
0.0538409 
0.0578000 
0.0618924 
0.0661173 
0.0704740 
0.0749618 
0.0795799 
0.0843278 
0.0892047 
0.0942099 
0.0993428 
0.1046026 
0.1099887 
0.1155005 
0.1211371 
0.1268981 
0.1327827 
0.1387902 
0.1449200 
0.1511715 
0.1575440 
0.1640368 
0.1706493 
0.1773809 
0.1842190 
0.1911536 
0.1981867 
0.2053159 
0.2125417 
0.2198651 
0.2272841 
0.2347985 
0.2424068 
0.2501088 
0.2579042 
0.2657930 
0.2737725 
0.2818416 
0.2900002 
0.2982466 
0.3065796 
0.3149980 
0.3234996 
0.3320845 
0.3407498 
0.3494940 
0.3583160 
0.3672128 
0.3761843 
0.3852285 
0.3943424 
0.4035256 
0.4127747 
0.4220883 
0.4314643 
0.4409007 
0.4503955 
0.4599464 
0.4695515 
0.4792081 
0.4889150 
0.4986689 
0.5084680 
0.5183103 
0.5281930 
0.5381137 
0.5480705 
0.5580615 
0.5680840 
0.5781355 
0.5882142 
0.5983174 
0.6084428 
0.6185882 
0.6287513 
0.6389296 
0.6491211 
0.6593235 
0.6695344 
0.6797518 
0.6899732 
0.7001965 
0.7104196 
0.7206401 
0.7308559 
0.7410651 
0.7512652 
0.7614544 
0.7716307 
0.7817920 
0.7919361 
0.8020613 
0.8121653 
0.8222467 
0.8323034 
0.8423336 
0.8523352 
0.8623069 
0.8722465 
0.8821527 
0.8920235 
0.9018573 
0.9116525 
0.9214075 
0.9311209 
0.9407909 
0.9504163 
0.9599956 
0.9695274 
0.9790094 
0.9884416 
0.9978212 
1.0071488 
1.0164228 
1.0256413 
1.0348041 
1.0439091 
1.0529562 
1.0619446 
1.0708715 
1.0797372 
1.0885408 
1.0972813 
1.1059580 
1.1145701 
1.1231156 
1.1315951 
1.1400080 
1.1483535 
1.1566312 
1.1648404 
1.1729806 
1.1810514 
1.1890522 
1.1969828 
1.2048426 
1.2126315 
1.2203489 
1.2279948 
1.2355688 
1.2430707 
1.2505003 
1.2578575 
1.2651422 
1.2723543 
1.2794936 
1.2865603 
1.2935543 
1.3004768 
1.3073267 
1.3141042 
1.3208092 
1.3274419 
1.3340025 
1.3404919 
1.3469089 
1.3532545 
1.3595289 
1.3657349 
1.3718660 
1.3779287 
1.3839213 
1.3898448 
1.3956984 
1.4014856 
1.4072021 
1.4128515 
1.4184322 
1.4239460 
1.4293933 
1.4347771 
1.4400934 
1.4453447 
1.4505337 
1.4556571 
1.4607173 
1.4657147 
1.4706504 
1.4755259 
1.4803403 
1.4850941 
1.4897891 
1.4944250 
1.4990039 
1.5035247 
1.5079898 
1.5123983 
1.5167523 
1.5210515 
1.5252967 
1.5294892 
1.5336294 
1.5377185 
1.5417565 
1.5457455 
1.5496847 
1.5535764 
1.5574197 
1.5612165 
1.5649683 
1.5686737 
1.5723348 
1.5759525 
1.5795269 
1.5830595 
1.5865510 
1.5900015 
1.5934121 
1.5967842 
1.6001184 
1.6034151 
1.6066752 
1.6098996 
1.6130889 
1.6162441 
1.6193658 
1.6224548 
1.6255118 
1.6285376 
1.6315334 
1.6344989 
1.6374354 
1.6403445 
1.6432258 
1.6460802 
1.6489087 
1.6517127 
1.6544920 
1.6572468 
1.6599782 
1.6626871 
1.6653740 
1.6680397 
1.6706850 
1.6733110 
1.6759171 
1.6785046 
1.6810747 
1.6836268 
1.6861620 
1.6886811 
1.6911846 
1.6936731 
1.6961470 
1.6986071 
1.7010538 
1.7034877 
1.7059089 
1.7083183 
1.7107169 
1.7131045 
1.7154817 
1.7178491 
1.7202073 
1.7225561 
1.7248969 
1.7272292 
1.7295540 
1.7318717 
1.7341825 
1.7364866 
1.7387845 
1.7410767 
1.7433635 
1.7456453 
1.7479222 
1.7501948 
1.7524632 
1.7547278 
1.7569888 
1.7592466 
1.7615013 
1.7637533 
1.7660027 
1.7682498 
1.7704950 
1.7727382 
1.7749796 
1.7772195 
1.7794580 
1.7816954 
1.7839319 
1.7861674 
1.7884022 
1.7906364 
1.7928702 
1.7951036 
1.7973366 
1.7995696 
1.8018024 
1.8040351 
1.8062679 
1.8085008 
1.8107339 
1.8129670 
1.8152004 
1.8174341 
1.8196679 
1.8219020 
1.8241364 
1.8263710 
1.8286058 
1.8308408 
1.8330760 
1.8353113 
1.8375467 
1.8397822 
1.8420176 
1.8442531 
1.8464884 
1.8487234 
1.8509583 
1.8531928 
1.8554268 
1.8576603 
1.8598932 
1.8621254 
1.8643568 
1.8665872 
1.8688166 
1.8710448 
1.8732717 
1.8754972 
1.8777212 
1.8799435 
1.8821640 
1.8843825 
1.8865990 
1.8888132 
1.8910251 
1.8932345 
1.8954413 
1.8976453 
1.8998463 
1.9020442 
1.9042388 
1.9064301 
1.9086177 
1.9108017 
1.9129817 
1.9151578 
1.9173296 
1.9194971 
1.9216601 
1.9238183 
1.9259719 
1.9281203 
1.9302636 
1.9324016 
1.9345341 
1.9366611 
1.9387821 
1.9408973 
1.9430063 
1.9451093 
1.9472056 
1.9492957 
1.9513787 
1.9534552 
1.9555244 
1.9575867 
1.9596415 
1.9616889 
1.9637287 
1.9657609 
1.9677851 
1.9698014 
1.9718095 
1.9738095 
1.9758010 
1.9777841 
1.9797584 
1.9817241 
1.9836809 
1.9856288 
1.9875675 
1.9894970 
1.9914173 
1.9933283 
1.9952295 
1.9971212 
1.9990034 
2.0008755 
2.0027379 
2.0045903 
2.0064327 
2.0082649 
2.0100868 
2.0118983 
2.0136996 
2.0154907 
2.0172711 
2.0190409 
2.0208000 
2.0225485 
2.0242862 
2.0260131 
2.0277291 
2.0294343 
2.0311285 
2.0328118 
2.0344840 
2.0361463 
2.0377965 
2.0394356 
2.0410639 
2.0426805 
2.0442862 
2.0458809 
2.0474643 
2.0490366 
2.0505977 
2.0521477 
2.0536864 
2.0552140 
2.0567300 
2.0582350 
2.0597289 
2.0612116 
2.0626832 
2.0641437 
2.0655931 
2.0670315 
2.0684588 
2.0698752 
2.0712805 
2.0726750 
2.0740585 
2.0754312 
2.0767931 
2.0781442 
2.0794845 
2.0808142 
2.0821333 
2.0834418 
2.0847397 
2.0860272 
2.0873043 
2.0885710 
2.0898274 
2.0910736 
2.0923096 
2.0935356 
2.0947515 
2.0959576 
2.0971538 
2.0983400 
2.0995164 
2.1006836 
2.1018409 
2.1029885 
2.1041267 
2.1052556 
2.1063751 
2.1074865 
2.1085877 
2.1096799 
2.1107640 
2.1118385 
2.1129041 
2.1139611 
2.1150094 
2.1160489 
2.1170801 
2.1181029 
2.1191176 
2.1201241 
2.1211224 
2.1221125 
2.1230949 
2.1240694 
2.1250362 
2.1259953 
2.1269469 
2.1278910 
2.1288278 
2.1297572 
2.1306795 
2.1315947 
2.1325028 
2.1334040 
2.1342984 
2.1351859 
2.1360669 
2.1369412 
2.1378092 
2.1386711 
2.1395264 
2.1403758 
2.1412187 
2.1420555 
2.1428863 
2.1437114 
2.1445307 
2.1453442 
2.1461522 
2.1469547 
2.1477517 
2.1485433 
2.1493297 
2.1501109 
2.1508870 
2.1516579 
2.1524240 
2.1531851 
2.1539414 
2.1546930 
2.1554400 
2.1561823 
2.1569202 
2.1576536 
2.1583827 
2.1591075 
2.1598281 
2.1605445 
2.1612568 
2.1619652 
2.1626695 
2.1633700 
2.1640667 
2.1647595 
2.1654487 
2.1661344 
2.1668164 
2.1674949 
2.1681699 
2.1688416 
2.1695099 
2.1701750 
2.1708368 
2.1714954 
2.1721509 
2.1728033 
2.1734527 
2.1740990 
2.1747425 
2.1753831 
2.1760208 
2.1766558 
2.1772879 
2.1779174 
2.1785442 
2.1791683 
2.1797899 
2.1804088 
2.1810252 
2.1816392 
2.1822506 
2.1828597 
2.1834664 
2.1840708 
2.1846727 
2.1852724 
2.1858698 
2.1864650 
2.1870580 
2.1876487 
2.1882373 
2.1888237 
2.1894081 
2.1899904 
2.1905705 
2.1911486 
2.1917247 
2.1922988 
2.1928708 
2.1934408 
2.1940089 
2.1945751 
2.1951393 
2.1957015 
2.1962618 
2.1968203 
[Y]
0.0000000 
-0.0000690 
-0.0002772 
-0.0006217 
-0.0011018 
-0.0017169 
-0.0024661 
-0.0033487 
-0.0043642 
-0.0055116 
-0.0067904 
-0.0081998 
-0.0097392 
-0.0114078 
-0.0132050 
-0.0151300 
-0.0171822 
-0.0193610 
-0.0216656 
-0.0240954 
-0.0266496 
-0.0293278 
-0.0321291 
-0.0350529 
-0.0380986 
-0.0412655 
-0.0445530 
-0.0479605 
-0.0514873 
-0.0551327 
-0.0588961 
-0.0627770 
-0.0667746 
-0.0708884 
-0.0751177 
-0.0794620 
-0.0839205 
-0.0884928 
-0.0931782 
-0.0979760 
-0.1028858 
-0.1079068 
-0.1130386 
-0.1182805 
-0.1236319 
-0.1290922 
-0.1346609 
-0.1403374 
-0.1461211 
-0.1520114 
-0.1580078 
-0.1640990 
-0.1702763 
-0.1765412 
-0.1828918 
-0.1893284 
-0.1958519 
-0.2024607 
-0.2091544 
-0.2159319 
-0.2227928 
-0.2297370 
-0.2367645 
-0.2438729 
-0.2510613 
-0.2583296 
-0.2656763 
-0.2731004 
-0.2806010 
-0.2881760 
-0.2958257 
-0.3035474 
-0.3113399 
-0.3192024 
-0.3271321 
-0.3351291 
-0.3431916 
-0.3513170 
-0.3595051 
-0.3677529 
-0.3760591 
-0.3844220 
-0.3928399 
-0.4013110 
-0.4098333 
-0.4184052 
-0.4270243 
-0.4356896 
-0.4443983 
-0.4531486 
-0.4619389 
-0.4707667 
-0.4796298 
-0.4885266 
-0.4974554 
-0.5064139 
-0.5153996 
-0.5244110 
-0.5334457 
-0.5425016 
-0.5515767 
-0.5606688 
-0.5697758 
-0.5788956 
-0.5880261 
-0.5971654 
-0.6063112 
-0.6154614 
-0.6246140 
-0.6337668 
-0.6429178 
-0.6520649 
-0.6612061 
-0.6703393 
-0.6794624 
-0.6885737 
-0.6976711 
-0.7067522 
-0.7158157 
-0.7248589 
-0.7338807 
-0.7428788 
-0.7518514 
-0.7607966 
-0.7697128 
-0.7785978 
-0.7874502 
-0.7962681 
-0.8050496 
-0.8137933 
-0.8224972 
-0.8311600 
-0.8397798 
-0.8483551 
-0.8568845 
-0.8653664 
-0.8737984 
-0.8821803 
-0.8905092 
-0.8987855 
-0.9070076 
-0.9151734 
-0.9232825 
-0.9313326 
-0.9393237 
-0.9472546 
-0.9551225 
-0.9629274 
-0.9706682 
-0.9783441 
-0.9859539 
-0.9934968 
-1.0009705 
-1.0083757 
-1.0157115 
-1.0229770 
-1.0301715 
-1.0372944 
-1.0443451 
-1.0513228 
-1.0582270 
-1.0650572 
-1.0718129 
-1.0784936 
-1.0850990 
-1.0916286 
-1.0980821 
-1.1044591 
-1.1107595 
-1.1169830 
-1.1231295 
-1.1291986 
-1.1351904 
-1.1411047 
-1.1469415 
-1.1527021 
-1.1583853 
-1.1639910 
-1.1695194 
-1.1749706 
-1.1803447 
-1.1856426 
-1.1908632 
-1.1960075 
-1.2010756 
-1.2060705 
-1.2109854 
-1.2158272 
-1.2205941 
-1.2252871 
-1.2299056 
-1.2344531 
-1.2389253 
-1.2433258 
-1.2476532 
-1.2519093 
-1.2560948 
-1.2602127 
-1.2642589 
-1.2682361 
-1.2721474 
-1.2759892 
-1.2797641 
-1.2834729 
-1.2871166 
-1.2906968 
-1.2942129 
-1.2976654 
-1.3010563 
-1.3043854 
-1.3076551 
-1.3108643 
-1.3140155 
-1.3171081 
-1.3201443 
-1.3231240 
-1.3260481 
-1.3289181 
-1.3317345 
-1.3344988 
-1.3372111 
-1.3398736 
-1.3424859 
-1.3450501 
-1.3475658 
-1.3500350 
-1.3524591 
-1.3548373 
-1.3571716 
-1.3594632 
-1.3617122 
-1.3639205 
-1.3660889 
-1.3682175 
-1.3703078 
-1.3723612 
-1.3743784 
-1.3763602 
-1.3783076 
-1.3802215 
-1.3821029 
-1.3839526 
-1.3857717 
-1.3875611 
-1.3893215 
-1.3910539 
-1.3927597 
-1.3944388 
-1.3960926 
-1.3977226 
-1.3993287 
-1.4009121 
-1.4024737 
-1.4040150 
-1.4055360 
-1.4070372 
-1.4085197 
-1.4099845 
-1.4114322 
-1.4128637 
-1.4142798 
-1.4156818 
-1.4170693 
-1.4184436 
-1.4198058 
-1.4211558 
-1.4224947 
-1.4238231 
-1.4251417 
-1.4264513 
-1.4277523 
-1.4290455 
-1.4303315 
-1.4316108 
-1.4328839 
-1.4341515 
-1.4354144 
-1.4366729 
-1.4379274 
-1.4391786 
-1.4404271 
-1.4416730 
-1.4429172 
-1.4441600 
-1.4454017 
-1.4466430 
-1.4478841 
-1.4491255 
-1.4503677 
-1.4516108 
-1.4528555 
-1.4541018 
-1.4553504 
-1.4566014 
-1.4578551 
-1.4591119 
-1.4603720 
-1.4616358 
-1.4629034 
-1.4641751 
-1.4654511 
-1.4667317 
-1.4680167 
-1.4693068 
-1.4706024 
-1.4719032 
-1.4732095 
-1.4745215 
-1.4758392 
-1.4771628 
-1.4784925 
-1.4798283 
-1.4811702 
-1.4825185 
-1.4838731 
-1.4852342 
-1.4866017 
-1.4879757 
-1.4893562 
-1.4907433 
-1.4921370 
-1.4935373 
-1.4949442 
-1.4963576 
-1.4977776 
-1.4992041 
-1.5006370 
-1.5020764 
-1.5035221 
-1.5049741 
-1.5064324 
-1.5078968 
-1.5093671 
-1.5108434 
-1.5123255 
-1.5138136 
-1.5153072 
-1.5168063 
-1.5183107 
-1.5198205 
-1.5213356 
-1.5228558 
-1.5243807 
-1.5259104 
-1.5274445 
-1.5289832 
-1.5305259 
-1.5320728 
-1.5336238 
-1.5351785 
-1.5367368 
-1.5382984 
-1.5398632 
-1.5414310 
-1.5430017 
-1.5445749 
-1.5461506 
-1.5477284 
-1.5493083 
-1.5508901 
-1.5524734 
-1.5540581 
-1.5556441 
-1.5572311 
-1.5588188 
-1.5604071 
-1.5619958 
-1.5635847 
-1.5651735 
-1.5667620 
-1.5683501 
-1.5699375 
-1.5715240 
-1.5731094 
-1.5746935 
-1.5762761 
-1.5778569 
-1.5794358 
-1.5810125 
-1.5825870 
-1.5841588 
-1.5857279 
-1.5872940 
-1.5888570 
-1.5904166 
-1.5919727 
-1.5935249 
-1.5950734 
-1.5966175 
-1.5981575 
-1.5996928 
-1.6012235 
-1.6027493 
-1.6042701 
-1.6057855 
-1.6072957 
-1.6088002 
-1.6102990 
-1.6117919 
-1.6132788 
-1.6147593 
-1.6162336 
-1.6177013 
-1.6191623 
-1.6206165 
-1.6220638 
-1.6235039 
-1.6249367 
-1.6263623 
-1.6277803 
-1.6291906 
-1.6305933 
-1.6319881 
-1.6333749 
-1.6347535 
-1.6361239 
-1.6374861 
-1.6388400 
-1.6401853 
-1.6415219 
-1.6428499 
-1.6441690 
-1.6454794 
-1.6467807 
-1.6480731 
-1.6493563 
-1.6506305 
-1.6518954 
-1.6531510 
-1.6543982 
-1.6556352 
-1.6568627 
-1.6580810 
-1.6592894 
-1.6604883 
-1.6616778 
-1.6628577 
-1.6640280 
-1.6651886 
-1.6663395 
-1.6674807 
-1.6686122 
-1.6697337 
-1.6708456 
-1.6719478 
-1.6730402 
-1.6741230 
-1.6751960 
-1.6762593 
-1.6773129 
-1.6783569 
-1.6793912 
-1.6804158 
-1.6814309 
-1.6824363 
-1.6834323 
-1.6844187 
-1.6853956 
-1.6863631 
-1.6873212 
-1.6882699 
-1.6892093 
-1.6901394 
-1.6910604 
-1.6919721 
-1.6928748 
-1.6937684 
-1.6946531 
-1.6955288 
-1.6963956 
-1.6972536 
-1.6981031 
-1.6989439 
-1.6997759 
-1.7005994 
-1.7014148 
-1.7022215 
-1.7030199 
-1.7038101 
-1.7045921 
-1.7053661 
-1.7061329 
-1.7068911 
-1.7076413 
-1.7083847 
-1.7091197 
-1.7098471 
-1.7105671 
-1.7112797 
-1.7119847 
-1.7126827 
-1.7133736 
-1.7140575 
-1.7147346 
-1.7154047 
-1.7160678 
-1.7167245 
-1.7173746 
-1.7180183 
-1.7186555 
-1.7192865 
-1.7199114 
-1.7205301 
-1.7211428 
-1.7217497 
-1.7223507 
-1.7229460 
-1.7235357 
-1.7241199 
-1.7246986 
-1.7252720 
-1.7258401 
-1.7264031 
-1.7269614 
-1.7275144 
-1.7280628 
-1.7286061 
-1.7291447 
-1.7296787 
-1.7302082 
-1.7307333 
-1.7312540 
-1.7317706 
-1.7322829 
-1.7327912 
-1.7332955 
-1.7337959 
-1.7342925 
-1.7347853 
-1.7352744 
-1.7357600 
-1.7362421 
-1.7367207 
-1.7371960 
-1.7376681 
-1.7381370 
-1.7386027 
-1.7390655 
-1.7395253 
-1.7399821 
-1.7404362 
-1.7408875 
-1.7413362 
-1.7417822 
-1.7422257 
-1.7426667 
-1.7431053 
-1.7435415 
-1.7439754 
-1.7444072 
-1.7448367 
-1.7452641 
-1.7456895 
-1.7461129 
-1.7465344 
-1.7469540 
-1.7473717 
-1.7477876 
-1.7482018 
-1.7486143 
-1.7490252 
-1.7494344 
-1.7498421 
-1.7502483 
-1.7506531 
-1.7510564 
-1.7514583 
-1.7518589 
-1.7522582 
-1.7526562 
-1.7530529 
-1.7534484 
-1.7538428 
-1.7542360 
-1.7546281 
-1.7550192 
-1.7554092 
-1.7557981 
-1.7561861 
-1.7565730 
-1.7569591 
-1.7573441 
-1.7577283 
-1.7581116 
-1.7584940 
-1.7588755 
-1.7592563 
-1.7596362 
-1.7600153 
-1.7603936 
-1.7607712 
-1.7611480 
-1.7615240 
-1.7618992 
-1.7622738 
-1.7626476 
-1.7630207 
-1.7633931 
-1.7637648 
-1.7641358 
[Z]
1.0000000 
0.9999961 
0.9999841 
0.9999644 
0.9999369 
0.9999017 
0.9998589 
0.9998083 
0.9997502 
0.9996846 
0.9996114 
0.9995307 
0.9994426 
0.9993471 
0.9992443 
0.9991341 
0.9990166 
0.9988919 
0.9987600 
0.9986210 
0.9984748 
0.9983215 
0.9981612 
0.9979939 
0.9978195 
0.9976383 
0.9974502 
0.9972551 
0.9970533 
0.9968447 
0.9966293 
0.9964072 
0.9961784 
0.9959429 
0.9957009 
0.9954523 
0.9951971 
0.9949354 
0.9946672 
0.9943927 
0.9941117 
0.9938243 
0.9935306 
0.9932306 
0.9929243 
0.9926118 
0.9922931 
0.9919682 
0.9916372 
0.9913001 
0.9909569 
0.9905406 
0.9899913 
0.9893105 
0.9885051 
0.9875778 
0.9865307 
0.9853694 
0.9840972 
0.9827183 
0.9812356 
0.9796519 
0.9779695 
0.9761934 
0.9743266 
0.9723711 
0.9703303 
0.9682071 
0.9660040 
0.9637245 
0.9613698 
0.9589437 
0.9564486 
0.9538864 
0.9512609 
0.9485726 
0.9458242 
0.9430186 
0.9401567 
0.9372419 
0.9342758 
0.9312603 
0.9281973 
0.9250886 
0.9219363 
0.9187417 
0.9155072 
0.9122335 
0.9089232 
0.9055775 
0.9021978 
0.8987860 
0.8953439 
0.8918725 
0.8883729 
0.8848466 
0.8812952 
0.8777195 
0.8741210 
0.8705010 
0.8668605 
0.8632008 
0.8595232 
0.8558289 
0.8521189 
0.8483941 
0.8446555 
0.8409038 
0.8371401 
0.8333652 
0.8295799 
0.8257852 
0.8219820 
0.8181709 
0.8143529 
0.8105288 
0.8066992 
0.8028649 
0.7990266 
0.7951849 
0.7913407 
0.7874944 
0.7836467 
0.7797983 
0.7759497 
0.7721015 
0.7682542 
0.7644084 
0.7605647 
0.7567234 
0.7528852 
0.7490505 
0.7452197 
0.7413933 
0.7375718 
0.7337555 
0.7299449 
0.7261404 
0.7223425 
0.7185513 
0.7147673 
0.7109908 
0.7072221 
0.7034617 
0.6997097 
0.6959664 
0.6922323 
0.6885076 
0.6847925 
0.6810873 
0.6773922 
0.6737075 
0.6700336 
0.6663705 
0.6627186 
0.6590778 
0.6554486 
0.6518310 
0.6482252 
0.6446315 
0.6410499 
0.6374807 
0.6339241 
0.6303801 
0.6268488 
0.6233306 
0.6198254 
0.6163334 
0.6128548 
0.6093895 
0.6059379 
0.6024999 
0.5990756 
0.5956652 
0.5922688 
0.5888861 
0.5855176 
0.5821633 
0.5788233 
0.5754976 
0.5721863 
0.5688893 
0.5656070 
0.5623392 
0.5590861 
0.5558470 
0.5526235 
0.5494144 
0.5462200 
0.5430403 
0.5398756 
0.5367251 
0.5335901 
0.5304698 
0.5273646 
0.5242743 
0.5211990 
0.5181379 
0.5150923 
0.5120617 
0.5090455 
0.5060447 
0.5030589 
0.5000880 
0.4971320 
0.4941906 
0.4912643 
0.4883530 
0.4854565 
0.4825749 
0.4797080 
0.4768560 
0.4740187 
0.4711963 
0.4683885 
0.4655955 
0.4628173 
0.4600538 
0.4573049 
0.4545705 
0.4518509 
0.4491455 
0.4464548 
0.4437784 
0.4411166 
0.4384692 
0.4358357 
0.4332167 
0.4306120 
0.4280214 
0.4254451 
0.4228829 
0.4203346 
0.4178005 
0.4152805 
0.4127744 
0.4102821 
0.4078038 
0.4053393 
0.4028886 
0.4004516 
0.3980283 
0.3956187 
0.3932226 
0.3908401 
0.3884711 
0.3861153 
0.3837730 
0.3814441 
0.3791281 
0.3768255 
0.3745360 
0.3722597 
0.3699959 
0.3677450 
0.3655073 
0.3632825 
0.3610705 
0.3588714 
0.3566850 
0.3545112 
0.3523495 
0.3502008 
0.3480645 
0.3459402 
0.3438287 
0.3417296 
0.3396427 
0.3375681 
0.3355056 
0.3334552 
0.3314168 
0.3293904 
0.3273760 
0.3253737 
0.3233833 
0.3214041 
0.3194368 
0.3174812 
0.3155372 
0.3136043 
0.3116835 
0.3097735 
0.3078753 
0.3059881 
0.3041119 
0.3022469 
0.3003932 
0.2985509 
0.2967193 
0.2948987 
0.2930889 
0.2912900 
0.2895018 
0.2877244 
0.2859575 
0.2842013 
0.2824556 
0.2807203 
0.2789955 
0.2772810 
0.2755767 
0.2738820 
0.2721977 
0.2705240 
0.2688604 
0.2672067 
0.2655633 
0.2639295 
0.2623056 
0.2606916 
0.2590872 
0.2574925 
0.2559076 
0.2543321 
0.2527662 
0.2512097 
0.2496627 
0.2481250 
0.2465967 
0.2450776 
0.2435677 
0.2420670 
0.2405755 
0.2390929 
0.2376194 
0.2361548 
0.2346992 
0.2332524 
0.2318143 
0.2303851 
0.2289646 
0.2275524 
0.2261488 
0.2247536 
0.2233673 
0.2219892 
0.2206195 
0.2192580 
0.2179048 
0.2165601 
0.2152237 
0.2138953 
0.2125749 
0.2112625 
0.2099584 
0.2086616 
0.2073731 
0.2060928 
0.2048203 
0.2035556 
0.2022986 
0.2010494 
0.1998078 
0.1985738 
0.1973473 
0.1961284 
0.1949170 
0.1937130 
0.1925163 
0.1913270 
0.1901451 
0.1889703 
0.1878028 
0.1866424 
0.1854892 
0.1843430 
0.1832039 
0.1820717 
0.1809466 
0.1798283 
0.1787169 
0.1776123 
0.1765146 
0.1754235 
0.1743391 
0.1732615 
0.1721904 
0.1711260 
0.1700680 
0.1690167 
0.1679716 
0.1669331 
0.1659008 
0.1648751 
0.1638555 
0.1628423 
0.1618352 
0.1608344 
0.1598397 
0.1588512 
0.1578687 
0.1568924 
0.1559219 
0.1549575 
0.1539989 
0.1530464 
0.1520996 
0.1511587 
0.1502235 
0.1492942 
0.1483705 
0.1474526 
0.1465402 
0.1456336 
0.1447324 
0.1438369 
0.1429469 
0.1420623 
0.1411832 
0.1403095 
0.1394411 
0.1385781 
0.1377204 
0.1368681 
0.1360210 
0.1351791 
0.1343423 
0.1335107 
0.1326843 
0.1318630 
0.1310468 
0.1302356 
0.1294294 
0.1286282 
0.1278320 
0.1270407 
0.1262543 
0.1254727 
0.1246954 
0.1239232 
0.1231558 
0.1223931 
0.1216353 
0.1208820 
0.1201334 
0.1193894 
0.1186501 
0.1179153 
0.1171850 
0.1164593 
0.1157380 
0.1150214 
0.1143092 
0.1136013 
0.1128979 
0.1121988 
0.1115040 
0.1108135 
0.1101273 
0.1094453 
0.1087676 
0.1080940 
0.1074246 
0.1067594 
0.1060983 
0.1054412 
0.1047883 
0.1041393 
0.1034944 
0.1028535 
0.1022165 
0.1015835 
0.1009544 
0.1003292 
0.0997078 
0.0990903 
0.0984766 
0.0978667 
0.0972606 
0.0966582 
0.0960595 
0.0954645 
0.0948733 
0.0942857 
0.0937016 
0.0931212 
0.0925445 
0.0919712 
0.0914016 
0.0908355 
0.0902724 
0.0897132 
0.0891574 
0.0886046 
0.0880554 
0.0875097 
0.0869673 
0.0864283 
0.0858927 
0.0853603 
0.0848313 
0.0843055 
0.0837830 
0.0832637 
0.0827477 
0.0822348 
0.0817252 
0.0812186 
0.0807152 
0.0802150 
0.0797178 
0.0792237 
0.0787327 
0.0782447 
0.0777597 
0.0772778 
0.0767988 
0.0763228 
0.0758497 
0.0753796 
0.0749124 
0.0744481 
0.0739863 
0.0735276 
0.0730715 
0.0726183 
0.0721679 
0.0717204 
0.0712756 
0.0708336 
0.0703943 
0.0699577 
0.0695238 
0.0690926 
0.0686641 
0.0682382 
0.0678150 
0.0673944 
0.0669765 
0.0665611 
0.0661483 
0.0657381 
0.0653304 
0.0649253 
0.0645227 
0.0641225 
0.0637249 
0.0633297 
0.0629370 
0.0625467 
0.0621588 
0.0617734 
0.0613903 
0.0610096 
0.0606312 
0.0602552 
0.0598815 
0.0595101 
0.0591409 
0.0587741 
0.0584095 
0.0580472 
0.0576870 
0.0573289 
0.0569730 
0.0566193 
0.0562676 
0.0559182 
0.0555708 
0.0552255 
0.0548823 
0.0545412 
0.0542022 
0.0538653 
0.0535304 
0.0531976 
0.0528668 
0.0525380 
0.0522113 
0.0518866 
0.0515639 
0.0512432 
0.0509245 
0.0506077 
0.0502929 
0.0499801 
0.0496690 
0.0493600 
0.0490528 
0.0487475 
0.0484440 
0.0481425 
0.0478428 
0.0475450 
0.0472491 
0.0469550 
0.0466626 
0.0463720 
0.0460831 
0.0457960 
0.0455106 
0.0452271 
0.0449453 
0.0446652 
0.0443867 
0.0441099 
0.0438349 
0.0435617 
0.0432900 
