[TEMPO]
0.0100000 
0.0200000 
0.0300000 
0.0400000 
0.0500000 
0.0600000 
0.0700000 
0.0800000 
0.0900000 
0.1000000 
0.1100000 
0.1200000 
0.1300000 
0.1400000 
0.1500000 
0.1600000 
0.1700000 
0.1800000 
0.1900000 
0.2000000 
0.2100000 
0.2200000 
0.2300000 
0.2400000 
0.2500000 
0.2600000 
0.2700000 
0.2800000 
0.2900000 
0.3000000 
0.3100000 
0.3200000 
0.3300000 
0.3400000 
0.3500000 
0.3600000 
0.3700000 
0.3800000 
0.3900000 
0.4000000 
0.4100000 
0.4200000 
0.4300000 
0.4400000 
0.4500000 
0.4600000 
0.4700000 
0.4800000 
0.4900000 
0.5000000 
0.5100000 
0.5200000 
0.5300000 
0.5400000 
0.5500000 
0.5600000 
0.5700000 
0.5800000 
0.5900000 
0.6000000 
0.6100000 
0.6200000 
0.6300000 
0.6400000 
0.6500000 
0.6600000 
0.6700000 
0.6800000 
0.6900000 
0.7000000 
0.7100000 
0.7200000 
0.7300000 
0.7400000 
0.7500000 
0.7600000 
0.7700000 
0.7800000 
0.7900000 
0.8000000 
0.8100000 
0.8200000 
0.8300000 
0.8400000 
0.8500000 
0.8600000 
0.8700000 
0.8800000 
0.8900000 
0.9000000 
0.9100000 
0.9200000 
0.9300000 
0.9400000 
0.9500000 
0.9600000 
0.9700000 
0.9800000 
0.9900000 
1.0000000 
1.0100000 
1.0200000 
1.0300000 
1.0400000 
1.0500000 
1.0600000 
1.0700000 
1.0800000 
1.0900000 
1.1000000 
1.1100000 
1.1200000 
1.1300000 
1.1400000 
1.1500000 
1.1600000 
1.1700000 
1.1800000 
1.1900000 
1.2000000 
1.2100000 
1.2200000 
1.2300000 
1.2400000 
1.2500000 
1.2600000 
1.2700000 
1.2800000 
1.2900000 
1.3000000 
1.3100000 
1.3200000 
1.3300000 
1.3400000 
1.3500000 
1.3600000 
1.3700000 
1.3800000 
1.3900000 
1.4000000 
1.4100000 
1.4200000 
1.4300000 
1.4400000 
1.4500000 
1.4600000 
1.4700000 
1.4800000 
1.4900000 
1.5000000 
1.5100000 
1.5200000 
1.5300000 
1.5400000 
1.5500000 
1.5600000 
1.5700000 
1.5800000 
1.5900000 
1.6000000 
1.6100000 
1.6200000 
1.6300000 
1.6400000 
1.6500000 
1.6600000 
1.6700000 
1.6800000 
1.6900000 
1.7000000 
1.7100000 
1.7200000 
1.7300000 
1.7400000 
1.7500000 
1.7600000 
1.7700000 
1.7800000 
1.7900000 
1.8000000 
1.8100000 
1.8200000 
1.8300000 
1.8400000 
1.8500000 
1.8600000 
1.8700000 
1.8800000 
1.8900000 
1.9000000 
1.9100000 
1.9200000 
1.9300000 
1.9400000 
1.9500000 
1.9600000 
1.9700000 
1.9800000 
1.9900000 
2.0000000 
[W1]
628.1466602 
636.1648427 
643.9280959 
651.3139888 
658.2060414 
664.4955619 
670.0833608 
674.8813152 
678.8137584 
681.8186736 
683.8486713 
684.8717373 
684.8717373 
683.8486713 
681.8186736 
678.8137584 
674.8813152 
670.0833608 
664.4955619 
658.2060414 
651.3139888 
643.9280959 
636.1648427 
628.1466602 
620.0000000 
611.8533398 
603.8351573 
596.0719041 
588.6860112 
581.7939586 
575.5044381 
569.9166392 
565.1186848 
561.1862416 
558.1813264 
556.1513287 
555.1282627 
555.1282627 
556.1513287 
558.1813264 
561.1862416 
565.1186848 
569.9166392 
575.5044381 
581.7939586 
588.6860112 
596.0719041 
603.8351573 
611.8533398 
620.0000000 
620.0000000 
620.0000000 
620.0000000 
620.0000000 
620.0000000 
620.0000000 
620.0000000 
620.0000000 
620.0000000 
620.0000000 
620.0000000 
620.0000000 
620.0000000 
620.0000000 
620.0000000 
620.0000000 
620.0000000 
620.0000000 
620.0000000 
620.0000000 
620.0000000 
620.0000000 
620.0000000 
620.0000000 
620.0000000 
620.0000000 
620.0000000 
620.0000000 
620.0000000 
620.0000000 
620.0000000 
620.0000000 
620.0000000 
620.0000000 
620.0000000 
620.0000000 
620.0000000 
620.0000000 
620.0000000 
620.0000000 
620.0000000 
620.0000000 
620.0000000 
620.0000000 
620.0000000 
620.0000000 
620.0000000 
620.0000000 
620.0000000 
620.0000000 
616.2400030 
612.5393034 
608.9562634 
605.5473898 
602.3664424 
599.4635868 
596.8846027 
594.6701622 
592.8551884 
591.4683045 
590.5313825 
590.0591981 
590.0591981 
590.5313825 
591.4683045 
592.8551884 
594.6701622 
596.8846027 
599.4635868 
602.3664424 
605.5473898 
608.9562634 
612.5393034 
616.2400030 
620.0000000 
623.7599970 
627.4606966 
631.0437366 
634.4526102 
637.6335576 
640.5364132 
643.1153973 
645.3298378 
647.1448116 
648.5316955 
649.4686175 
649.9408019 
649.9408019 
649.4686175 
648.5316955 
647.1448116 
645.3298378 
643.1153973 
640.5364132 
637.6335576 
634.4526102 
631.0437366 
627.4606966 
623.7599970 
620.0000000 
623.7599970 
627.4606966 
631.0437366 
634.4526102 
637.6335576 
640.5364132 
643.1153973 
645.3298378 
647.1448116 
648.5316955 
649.4686175 
649.9408019 
649.9408019 
649.4686175 
648.5316955 
647.1448116 
645.3298378 
643.1153973 
640.5364132 
637.6335576 
634.4526102 
631.0437366 
627.4606966 
623.7599970 
620.0000000 
616.2400030 
612.5393034 
608.9562634 
605.5473898 
602.3664424 
599.4635868 
596.8846027 
594.6701622 
592.8551884 
591.4683045 
590.5313825 
590.0591981 
590.0591981 
590.5313825 
591.4683045 
592.8551884 
594.6701622 
596.8846027 
599.4635868 
602.3664424 
605.5473898 
608.9562634 
612.5393034 
616.2400030 
620.0000000 
[W2]
628.1466602 
636.1648427 
643.9280959 
651.3139888 
658.2060414 
664.4955619 
670.0833608 
674.8813152 
678.8137584 
681.8186736 
683.8486713 
684.8717373 
684.8717373 
683.8486713 
681.8186736 
678.8137584 
674.8813152 
670.0833608 
664.4955619 
658.2060414 
651.3139888 
643.9280959 
636.1648427 
628.1466602 
620.0000000 
611.8533398 
603.8351573 
596.0719041 
588.6860112 
581.7939586 
575.5044381 
569.9166392 
565.1186848 
561.1862416 
558.1813264 
556.1513287 
555.1282627 
555.1282627 
556.1513287 
558.1813264 
561.1862416 
565.1186848 
569.9166392 
575.5044381 
581.7939586 
588.6860112 
596.0719041 
603.8351573 
611.8533398 
620.0000000 
616.2400030 
612.5393034 
608.9562634 
605.5473898 
602.3664424 
599.4635868 
596.8846027 
594.6701622 
592.8551884 
591.4683045 
590.5313825 
590.0591981 
590.0591981 
590.5313825 
591.4683045 
592.8551884 
594.6701622 
596.8846027 
599.4635868 
602.3664424 
605.5473898 
608.9562634 
612.5393034 
616.2400030 
620.0000000 
623.7599970 
627.4606966 
631.0437366 
634.4526102 
637.6335576 
640.5364132 
643.1153973 
645.3298378 
647.1448116 
648.5316955 
649.4686175 
649.9408019 
649.9408019 
649.4686175 
648.5316955 
647.1448116 
645.3298378 
643.1153973 
640.5364132 
637.6335576 
634.4526102 
631.0437366 
627.4606966 
623.7599970 
620.0000000 
620.0000000 
620.0000000 
620.0000000 
620.0000000 
620.0000000 
620.0000000 
620.0000000 
620.0000000 
620.0000000 
620.0000000 
620.0000000 
620.0000000 
620.0000000 
620.0000000 
620.0000000 
620.0000000 
620.0000000 
620.0000000 
620.0000000 
620.0000000 
620.0000000 
620.0000000 
620.0000000 
620.0000000 
620.0000000 
620.0000000 
620.0000000 
620.0000000 
620.0000000 
620.0000000 
620.0000000 
620.0000000 
620.0000000 
620.0000000 
620.0000000 
620.0000000 
620.0000000 
620.0000000 
620.0000000 
620.0000000 
620.0000000 
620.0000000 
620.0000000 
620.0000000 
620.0000000 
620.0000000 
620.0000000 
620.0000000 
620.0000000 
620.0000000 
616.2400030 
612.5393034 
608.9562634 
605.5473898 
602.3664424 
599.4635868 
596.8846027 
594.6701622 
592.8551884 
591.4683045 
590.5313825 
590.0591981 
590.0591981 
590.5313825 
591.4683045 
592.8551884 
594.6701622 
596.8846027 
599.4635868 
602.3664424 
605.5473898 
608.9562634 
612.5393034 
616.2400030 
620.0000000 
623.7599970 
627.4606966 
631.0437366 
634.4526102 
637.6335576 
640.5364132 
643.1153973 
645.3298378 
647.1448116 
648.5316955 
649.4686175 
649.9408019 
649.9408019 
649.4686175 
648.5316955 
647.1448116 
645.3298378 
643.1153973 
640.5364132 
637.6335576 
634.4526102 
631.0437366 
627.4606966 
623.7599970 
620.0000000 
[W3]
628.1466602 
636.1648427 
643.9280959 
651.3139888 
658.2060414 
664.4955619 
670.0833608 
674.8813152 
678.8137584 
681.8186736 
683.8486713 
684.8717373 
684.8717373 
683.8486713 
681.8186736 
678.8137584 
674.8813152 
670.0833608 
664.4955619 
658.2060414 
651.3139888 
643.9280959 
636.1648427 
628.1466602 
620.0000000 
611.8533398 
603.8351573 
596.0719041 
588.6860112 
581.7939586 
575.5044381 
569.9166392 
565.1186848 
561.1862416 
558.1813264 
556.1513287 
555.1282627 
555.1282627 
556.1513287 
558.1813264 
561.1862416 
565.1186848 
569.9166392 
575.5044381 
581.7939586 
588.6860112 
596.0719041 
603.8351573 
611.8533398 
620.0000000 
620.0000000 
620.0000000 
620.0000000 
620.0000000 
620.0000000 
620.0000000 
620.0000000 
620.0000000 
620.0000000 
620.0000000 
620.0000000 
620.0000000 
620.0000000 
620.0000000 
620.0000000 
620.0000000 
620.0000000 
620.0000000 
620.0000000 
620.0000000 
620.0000000 
620.0000000 
620.0000000 
620.0000000 
620.0000000 
620.0000000 
620.0000000 
620.0000000 
620.0000000 
620.0000000 
620.0000000 
620.0000000 
620.0000000 
620.0000000 
620.0000000 
620.0000000 
620.0000000 
620.0000000 
620.0000000 
620.0000000 
620.0000000 
620.0000000 
620.0000000 
620.0000000 
620.0000000 
620.0000000 
620.0000000 
620.0000000 
620.0000000 
620.0000000 
623.7599970 
627.4606966 
631.0437366 
634.4526102 
637.6335576 
640.5364132 
643.1153973 
645.3298378 
647.1448116 
648.5316955 
649.4686175 
649.9408019 
649.9408019 
649.4686175 
648.5316955 
647.1448116 
645.3298378 
643.1153973 
640.5364132 
637.6335576 
634.4526102 
631.0437366 
627.4606966 
623.7599970 
620.0000000 
616.2400030 
612.5393034 
608.9562634 
605.5473898 
602.3664424 
599.4635868 
596.8846027 
594.6701622 
592.8551884 
591.4683045 
590.5313825 
590.0591981 
590.0591981 
590.5313825 
591.4683045 
592.8551884 
594.6701622 
596.8846027 
599.4635868 
602.3664424 
605.5473898 
608.9562634 
612.5393034 
616.2400030 
620.0000000 
623.7599970 
627.4606966 
631.0437366 
634.4526102 
637.6335576 
640.5364132 
643.1153973 
645.3298378 
647.1448116 
648.5316955 
649.4686175 
649.9408019 
649.9408019 
649.4686175 
648.5316955 
647.1448116 
645.3298378 
643.1153973 
640.5364132 
637.6335576 
634.4526102 
631.0437366 
627.4606966 
623.7599970 
620.0000000 
616.2400030 
612.5393034 
608.9562634 
605.5473898 
602.3664424 
599.4635868 
596.8846027 
594.6701622 
592.8551884 
591.4683045 
590.5313825 
590.0591981 
590.0591981 
590.5313825 
591.4683045 
592.8551884 
594.6701622 
596.8846027 
599.4635868 
602.3664424 
605.5473898 
608.9562634 
612.5393034 
616.2400030 
620.0000000 
[W4]
628.1466602 
636.1648427 
643.9280959 
651.3139888 
658.2060414 
664.4955619 
670.0833608 
674.8813152 
678.8137584 
681.8186736 
683.8486713 
684.8717373 
684.8717373 
683.8486713 
681.8186736 
678.8137584 
674.8813152 
670.0833608 
664.4955619 
658.2060414 
651.3139888 
643.9280959 
636.1648427 
628.1466602 
620.0000000 
611.8533398 
603.8351573 
596.0719041 
588.6860112 
581.7939586 
575.5044381 
569.9166392 
565.1186848 
561.1862416 
558.1813264 
556.1513287 
555.1282627 
555.1282627 
556.1513287 
558.1813264 
561.1862416 
565.1186848 
569.9166392 
575.5044381 
581.7939586 
588.6860112 
596.0719041 
603.8351573 
611.8533398 
620.0000000 
623.7599970 
627.4606966 
631.0437366 
634.4526102 
637.6335576 
640.5364132 
643.1153973 
645.3298378 
647.1448116 
648.5316955 
649.4686175 
649.9408019 
649.9408019 
649.4686175 
648.5316955 
647.1448116 
645.3298378 
643.1153973 
640.5364132 
637.6335576 
634.4526102 
631.0437366 
627.4606966 
623.7599970 
620.0000000 
616.2400030 
612.5393034 
608.9562634 
605.5473898 
602.3664424 
599.4635868 
596.8846027 
594.6701622 
592.8551884 
591.4683045 
590.5313825 
590.0591981 
590.0591981 
590.5313825 
591.4683045 
592.8551884 
594.6701622 
596.8846027 
599.4635868 
602.3664424 
605.5473898 
608.9562634 
612.5393034 
616.2400030 
620.0000000 
620.0000000 
620.0000000 
620.0000000 
620.0000000 
620.0000000 
620.0000000 
620.0000000 
620.0000000 
620.0000000 
620.0000000 
620.0000000 
620.0000000 
620.0000000 
620.0000000 
620.0000000 
620.0000000 
620.0000000 
620.0000000 
620.0000000 
620.0000000 
620.0000000 
620.0000000 
620.0000000 
620.0000000 
620.0000000 
620.0000000 
620.0000000 
620.0000000 
620.0000000 
620.0000000 
620.0000000 
620.0000000 
620.0000000 
620.0000000 
620.0000000 
620.0000000 
620.0000000 
620.0000000 
620.0000000 
620.0000000 
620.0000000 
620.0000000 
620.0000000 
620.0000000 
620.0000000 
620.0000000 
620.0000000 
620.0000000 
620.0000000 
620.0000000 
616.2400030 
612.5393034 
608.9562634 
605.5473898 
602.3664424 
599.4635868 
596.8846027 
594.6701622 
592.8551884 
591.4683045 
590.5313825 
590.0591981 
590.0591981 
590.5313825 
591.4683045 
592.8551884 
594.6701622 
596.8846027 
599.4635868 
602.3664424 
605.5473898 
608.9562634 
612.5393034 
616.2400030 
620.0000000 
623.7599970 
627.4606966 
631.0437366 
634.4526102 
637.6335576 
640.5364132 
643.1153973 
645.3298378 
647.1448116 
648.5316955 
649.4686175 
649.9408019 
649.9408019 
649.4686175 
648.5316955 
647.1448116 
645.3298378 
643.1153973 
640.5364132 
637.6335576 
634.4526102 
631.0437366 
627.4606966 
623.7599970 
620.0000000 
[PHI]
0.0000000 
0.0000000 
0.0000000 
0.0000000 
0.0000000 
0.0000000 
0.0000000 
0.0000000 
0.0000000 
0.0000000 
0.0000000 
0.0000000 
0.0000000 
0.0000000 
0.0000000 
0.0000000 
0.0000000 
0.0000000 
0.0000000 
0.0000000 
0.0000000 
0.0000000 
0.0000000 
0.0000000 
0.0000000 
0.0000000 
0.0000000 
0.0000000 
0.0000000 
0.0000000 
0.0000000 
0.0000000 
0.0000000 
0.0000000 
0.0000000 
0.0000000 
0.0000000 
0.0000000 
0.0000000 
0.0000000 
0.0000000 
0.0000000 
0.0000000 
0.0000000 
0.0000000 
0.0000000 
0.0000000 
0.0000000 
0.0000000 
0.0000000 
0.0000000 
0.0073770 
0.0293918 
0.0730742 
0.1451122 
0.2517470 
0.3986737 
0.5909524 
0.8329277 
1.1281605 
1.4793719 
1.8883999 
2.3561710 
2.8826850 
3.4670153 
4.1073234 
4.8008880 
5.5441477 
6.3327575 
7.1616569 
8.0251500 
8.9169953 
9.8305042 
10.7586462 
11.6941601 
12.6296685 
13.5577938 
14.4712748 
15.3630815 
16.2265252 
17.0553647 
17.8439043 
18.5870838 
19.2805582 
19.9207665 
20.5049876 
21.0313833 
21.4990274 
21.9079203 
22.2589889 
22.5540720 
22.7958916 
22.9880093 
23.1347707 
23.2412368 
23.3131035 
23.3566127 
23.3784531 
23.3856551 
23.3854796 
23.3853040 
23.3851294 
23.3849586 
23.3848005 
23.3846786 
23.3846401 
23.3847678 
23.3851911 
23.3860966 
23.3877361 
23.3904319 
23.3945782 
23.4006375 
23.4091326 
23.4206334 
23.4357391 
23.4550565 
23.4791750 
23.5086395 
23.5439227 
23.5853974 
23.6333110 
23.6877631 
23.7486875 
23.8158393 
23.8887888 
23.9669225 
24.0494511 
24.1354255 
24.2237596 
24.3132605 
24.4026635 
24.4906722 
24.5760014 
24.6574203 
24.7337954 
24.8041302 
24.8675994 
24.9235771 
24.9716573 
25.0116643 
25.0436561 
25.0679171 
25.0849442 
25.0954257 
25.1002149 
25.1003004 
25.0967755 
25.0908073 
25.0836078 
25.0764080 
25.0687148 
25.0600425 
25.0499203 
25.0378990 
25.0235580 
25.0065112 
24.9864120 
24.9629586 
24.9358982 
24.9050299 
24.8702084 
24.8313454 
24.7884115 
24.7414369 
24.6905113 
24.6357834 
24.5774592 
24.5157997 
24.4511180 
24.3837756 
24.3141773 
24.2427661 
24.1700167 
24.0964289 
24.0225199 
23.9488164 
23.8758460 
23.8041286 
23.7341674 
23.6664407 
23.6013927 
23.5394260 
23.4808941 
23.4260946 
23.3752635 
23.3285709 
23.2861175 
23.2479325 
23.2139729 
23.1841239 
23.1582012 
23.1359541 
23.1170697 
23.1011787 
23.0878618 
23.0766568 
23.0670668 
23.0585682 
23.0506197 
[THETA]
0.0000000 
0.0000000 
0.0000000 
0.0000000 
0.0000000 
0.0000000 
0.0000000 
0.0000000 
0.0000000 
0.0000000 
0.0000000 
0.0000000 
0.0000000 
0.0000000 
0.0000000 
0.0000000 
0.0000000 
0.0000000 
0.0000000 
0.0000000 
0.0000000 
0.0000000 
0.0000000 
0.0000000 
0.0000000 
0.0000000 
0.0000000 
0.0000000 
0.0000000 
0.0000000 
0.0000000 
0.0000000 
0.0000000 
0.0000000 
0.0000000 
0.0000000 
0.0000000 
0.0000000 
0.0000000 
0.0000000 
0.0000000 
0.0000000 
0.0000000 
0.0000000 
0.0000000 
0.0000000 
0.0000000 
0.0000000 
0.0000000 
0.0000000 
0.0000000 
0.0000000 
0.0000005 
0.0000025 
0.0000075 
0.0000172 
0.0000339 
0.0000600 
0.0000978 
0.0001501 
0.0002193 
0.0003080 
0.0004186 
0.0005537 
0.0007156 
0.0009071 
0.0011309 
0.0013900 
0.0016875 
0.0020267 
0.0024111 
0.0028439 
0.0033279 
0.0038654 
0.0044577 
0.0051050 
0.0058059 
0.0065577 
0.0073558 
0.0081943 
0.0090658 
0.0099618 
0.0108731 
0.0117903 
0.0127041 
0.0136060 
0.0144887 
0.0153464 
0.0161750 
0.0169722 
0.0177378 
0.0184731 
0.0191809 
0.0198652 
0.0205305 
0.0211817 
0.0218234 
0.0224596 
0.0230934 
0.0237266 
0.0243598 
0.0317650 
0.0526088 
0.0933477 
0.1601255 
0.2586767 
0.3942352 
0.5714518 
0.7943198 
1.0661118 
1.3893271 
1.7656512 
2.1959285 
2.6801479 
3.2174416 
3.8060982 
4.4435890 
5.1266073 
5.8511209 
6.6124359 
7.4052720 
8.2238474 
9.0619720 
9.9131476 
10.7706732 
11.6277532 
12.4776072 
13.3135794 
14.1292453 
14.9185135 
15.6757221 
16.3957272 
17.0739820 
17.7066058 
18.2904425 
18.8231059 
19.3030143 
19.7294114 
20.1023754 
20.4228151 
20.6924545 
20.9138046 
21.0901243 
21.2253706 
21.3241379 
21.3915881 
21.4333715 
21.4555411 
21.4644585 
21.4666958 
21.4689331 
21.4717568 
21.4757437 
21.4814515 
21.4894100 
21.5001123 
21.5140067 
21.5314891 
21.5528969 
21.5785027 
21.6085101 
21.6430504 
21.6821801 
21.7258803 
21.7740574 
21.8265444 
21.8831043 
21.9434343 
22.0071710 
22.0738972 
22.1431490 
22.2144234 
22.2871876 
22.3608872 
22.4349561 
22.5088250 
22.5819312 
22.6537268 
22.7236879 
22.7913217 
22.8561744 
22.9178376 
22.9759539 
23.0302219 
23.0804003 
23.1263109 
23.1678409 
23.2049439 
23.2376405 
23.2660176 
23.2902269 
23.3104824 
23.3270575 
23.3402806 
23.3505306 
23.3582309 
23.3638437 
23.3678626 
23.3708053 
23.3732060 
[PSI]
0.0000000 
0.0000000 
0.0000000 
0.0000000 
0.0000000 
0.0000000 
0.0000000 
0.0000000 
0.0000000 
0.0000000 
0.0000000 
0.0000000 
0.0000000 
0.0000000 
0.0000000 
0.0000000 
0.0000000 
0.0000000 
0.0000000 
0.0000000 
0.0000000 
0.0000000 
0.0000000 
0.0000000 
0.0000000 
0.0000000 
0.0000000 
0.0000000 
0.0000000 
0.0000000 
0.0000000 
0.0000000 
0.0000000 
0.0000000 
0.0000000 
0.0000000 
0.0000000 
0.0000000 
0.0000000 
0.0000000 
0.0000000 
0.0000000 
0.0000000 
0.0000000 
0.0000000 
0.0000000 
0.0000000 
0.0000000 
0.0000000 
0.0000000 
0.0000000 
0.0000021 
0.0000125 
0.0000409 
0.0001004 
0.0002061 
0.0003744 
0.0006221 
0.0009654 
0.0014185 
0.0019933 
0.0026981 
0.0035378 
0.0045132 
0.0056210 
0.0068545 
0.0082036 
0.0096559 
0.0111977 
0.0128143 
0.0144919 
0.0162180 
0.0179825 
0.0197784 
0.0216023 
0.0234546 
0.0253396 
0.0272653 
0.0292427 
0.0312854 
0.0334084 
0.0356274 
0.0379578 
0.0404134 
0.0430060 
0.0457443 
0.0486332 
0.0516738 
0.0548632 
0.0581944 
0.0616567 
0.0652364 
0.0689175 
0.0726826 
0.0765135 
0.0803930 
0.0843051 
0.0882363 
0.0921764 
0.0961189 
0.1000613 
0.1069298 
0.1196006 
0.1408546 
0.1733345 
0.2195034 
0.2816069 
0.3616388 
0.4613112 
0.5820289 
0.7248699 
0.8905705 
1.0795166 
1.2917408 
1.5269242 
1.7844041 
2.0631865 
2.3619620 
2.6791259 
3.0128014 
3.3608655 
3.7209763 
4.0906029 
4.4670571 
4.8475264 
5.2291086 
5.6088493 
5.9837801 
6.3509603 
6.7075198 
7.0507040 
7.3779205 
7.6867860 
7.9751728 
8.2412540 
8.4835446 
8.7009386 
8.8927395 
9.0586821 
9.1989462 
9.3141599 
9.4053920 
9.4741353 
9.5222794 
9.5520743 
9.5660881 
9.5671577 
9.5583352 
9.5428331 
9.5239672 
9.5051009 
9.4848871 
9.4619993 
9.4351531 
9.4031253 
9.3647737 
9.3190542 
9.2650371 
9.2019216 
9.1290475 
9.0459060 
8.9521471 
8.8475852 
8.7322022 
8.6061477 
8.4697372 
8.3234474 
8.1679094 
8.0038990 
7.8323257 
7.6542184 
7.4707102 
7.2830210 
7.0924388 
6.9002998 
6.7079677 
6.5168119 
6.3281864 
6.1434077 
5.9637341 
5.7903451 
5.6243224 
5.4666320 
5.3181085 
5.1794411 
5.0511621 
4.9336379 
4.8270629 
4.7314560 
4.6466600 
4.5723442 
4.5080094 
4.4529962 
4.4064956 
4.3675617 
4.3351279 
4.3080232 
4.2849916 
4.2647119 
4.2458191 
[X]
0.0000000 
0.0000000 
0.0000000 
0.0000000 
0.0000000 
0.0000000 
0.0000000 
0.0000000 
0.0000000 
0.0000000 
0.0000000 
0.0000000 
0.0000000 
0.0000000 
0.0000000 
0.0000000 
0.0000000 
0.0000000 
0.0000000 
0.0000000 
0.0000000 
0.0000000 
0.0000000 
0.0000000 
0.0000000 
0.0000000 
0.0000000 
0.0000000 
0.0000000 
0.0000000 
0.0000000 
0.0000000 
0.0000000 
0.0000000 
0.0000000 
0.0000000 
0.0000000 
0.0000000 
0.0000000 
0.0000000 
0.0000000 
0.0000000 
0.0000000 
0.0000000 
0.0000000 
0.0000000 
0.0000000 
0.0000000 
0.0000000 
0.0000000 
0.0000000 
0.0000000 
0.0000000 
0.0000000 
0.0000000 
0.0000000 
0.0000000 
0.0000000 
0.0000000 
0.0000000 
0.0000000 
0.0000000 
0.0000000 
0.0000000 
0.0000000 
0.0000001 
0.0000001 
0.0000001 
0.0000002 
0.0000003 
0.0000004 
0.0000005 
0.0000007 
0.0000010 
0.0000013 
0.0000017 
0.0000022 
0.0000028 
0.0000036 
0.0000045 
0.0000055 
0.0000067 
0.0000081 
0.0000097 
0.0000116 
0.0000137 
0.0000161 
0.0000188 
0.0000219 
0.0000253 
0.0000291 
0.0000333 
0.0000380 
0.0000431 
0.0000487 
0.0000548 
0.0000615 
0.0000688 
0.0000766 
0.0000851 
0.0000942 
0.0001039 
0.0001144 
0.0001258 
0.0001382 
0.0001519 
0.0001675 
0.0001855 
0.0002069 
0.0002325 
0.0002636 
0.0003017 
0.0003485 
0.0004059 
0.0004760 
0.0005613 
0.0006644 
0.0007880 
0.0009353 
0.0011094 
0.0013137 
0.0015516 
0.0018268 
0.0021430 
0.0025040 
0.0029134 
0.0033752 
0.0038930 
0.0044705 
0.0051114 
0.0058192 
0.0065971 
0.0074483 
0.0083758 
0.0093822 
0.0104702 
0.0116418 
0.0128990 
0.0142435 
0.0156766 
0.0171994 
0.0188128 
0.0205172 
0.0223130 
0.0242002 
0.0261788 
0.0282485 
0.0304087 
0.0326590 
0.0349988 
0.0374275 
0.0399444 
0.0425490 
0.0452405 
0.0480184 
0.0508820 
0.0538305 
0.0568631 
0.0599791 
0.0631775 
0.0664574 
0.0698177 
0.0732573 
0.0767751 
0.0803698 
0.0840400 
0.0877844 
0.0916015 
0.0954897 
0.0994476 
0.1034735 
0.1075658 
0.1117228 
0.1159429 
0.1202244 
0.1245656 
0.1289649 
0.1334207 
0.1379314 
0.1424955 
0.1471114 
0.1517778 
0.1564932 
0.1612563 
0.1660660 
0.1709210 
0.1758202 
0.1807627 
0.1857476 
0.1907738 
0.1958407 
0.2009476 
0.2060938 
0.2112787 
0.2165018 
0.2217626 
0.2270607 
0.2323958 
0.2377674 
0.2431752 
[Y]
0.0000000 
0.0000000 
0.0000000 
0.0000000 
0.0000000 
0.0000000 
0.0000000 
0.0000000 
0.0000000 
0.0000000 
0.0000000 
0.0000000 
0.0000000 
0.0000000 
0.0000000 
0.0000000 
0.0000000 
0.0000000 
0.0000000 
0.0000000 
0.0000000 
0.0000000 
0.0000000 
0.0000000 
0.0000000 
0.0000000 
0.0000000 
0.0000000 
0.0000000 
0.0000000 
0.0000000 
0.0000000 
0.0000000 
0.0000000 
0.0000000 
0.0000000 
0.0000000 
0.0000000 
0.0000000 
0.0000000 
0.0000000 
0.0000000 
0.0000000 
0.0000000 
0.0000000 
0.0000000 
0.0000000 
0.0000000 
0.0000000 
0.0000000 
0.0000000 
-0.0000001 
-0.0000008 
-0.0000026 
-0.0000070 
-0.0000156 
-0.0000310 
-0.0000564 
-0.0000959 
-0.0001546 
-0.0002382 
-0.0003536 
-0.0005088 
-0.0007124 
-0.0009742 
-0.0013048 
-0.0017156 
-0.0022189 
-0.0028275 
-0.0035551 
-0.0044154 
-0.0054230 
-0.0065923 
-0.0079381 
-0.0094752 
-0.0112182 
-0.0131814 
-0.0153788 
-0.0178240 
-0.0205297 
-0.0235084 
-0.0267713 
-0.0303292 
-0.0341916 
-0.0383673 
-0.0428641 
-0.0476887 
-0.0528467 
-0.0583428 
-0.0641809 
-0.0703636 
-0.0768930 
-0.0837702 
-0.0909955 
-0.0985687 
-0.1064890 
-0.1147552 
-0.1233658 
-0.1323190 
-0.1416130 
-0.1512459 
-0.1612161 
-0.1715216 
-0.1821608 
-0.1931319 
-0.2044332 
-0.2160629 
-0.2280195 
-0.2403012 
-0.2529063 
-0.2658331 
-0.2790799 
-0.2926452 
-0.3065272 
-0.3207244 
-0.3352351 
-0.3500578 
-0.3651910 
-0.3806333 
-0.3963832 
-0.4124395 
-0.4288009 
-0.4454662 
-0.4624344 
-0.4797044 
-0.4972753 
-0.5151463 
-0.5333165 
-0.5517851 
-0.5705515 
-0.5896149 
-0.6089746 
-0.6286299 
-0.6485799 
-0.6688240 
-0.6893612 
-0.7101907 
-0.7313114 
-0.7527223 
-0.7744222 
-0.7964099 
-0.8186840 
-0.8412433 
-0.8640862 
-0.8872113 
-0.9106171 
-0.9343019 
-0.9582642 
-0.9825025 
-1.0070151 
-1.0318007 
-1.0568575 
-1.0821843 
-1.1077795 
-1.1336417 
-1.1597693 
-1.1861610 
-1.2128152 
-1.2397304 
-1.2669049 
-1.2943371 
-1.3220253 
-1.3499675 
-1.3781621 
-1.4066070 
-1.4353003 
-1.4642400 
-1.4934238 
-1.5228497 
-1.5525156 
-1.5824193 
-1.6125585 
-1.6429313 
-1.6735353 
-1.7043684 
-1.7354287 
-1.7667139 
-1.7982221 
-1.8299514 
-1.8618997 
-1.8940652 
-1.9264460 
-1.9590404 
-1.9918464 
-2.0248625 
-2.0580868 
-2.0915177 
-2.1251536 
-2.1589928 
-2.1930337 
-2.2272749 
-2.2617148 
-2.2963519 
-2.3311849 
-2.3662124 
-2.4014330 
-2.4368456 
-2.4724489 
-2.5082417 
-2.5442228 
[Z]
0.0000000 
0.0000498 
0.0001744 
0.0003978 
0.0007425 
0.0012290 
0.0018755 
0.0026977 
0.0037081 
0.0049161 
0.0063278 
0.0079456 
0.0097684 
0.0117916 
0.0140071 
0.0164033 
0.0189659 
0.0216773 
0.0245179 
0.0274658 
0.0304975 
0.0335880 
0.0367118 
0.0398429 
0.0429553 
0.0460237 
0.0490233 
0.0519308 
0.0547245 
0.0573844 
0.0598926 
0.0622338 
0.0643948 
0.0663654 
0.0681381 
0.0697081 
0.0710736 
0.0722357 
0.0731984 
0.0739685 
0.0745557 
0.0749721 
0.0752326 
0.0753543 
0.0753564 
0.0752602 
0.0750885 
0.0748653 
0.0746159 
0.0743659 
0.0741153 
0.0738642 
0.0736126 
0.0733607 
0.0731087 
0.0728565 
0.0726045 
0.0723526 
0.0721010 
0.0718496 
0.0715985 
0.0713473 
0.0710959 
0.0708438 
0.0705903 
0.0703347 
0.0700758 
0.0698126 
0.0695433 
0.0692664 
0.0689796 
0.0686808 
0.0683673 
0.0680364 
0.0676850 
0.0673099 
0.0669076 
0.0664747 
0.0660074 
0.0655020 
0.0649549 
0.0643623 
0.0637207 
0.0630265 
0.0622765 
0.0614675 
0.0605968 
0.0596618 
0.0586602 
0.0575900 
0.0564495 
0.0552375 
0.0539529 
0.0525950 
0.0511634 
0.0496577 
0.0480781 
0.0464247 
0.0446978 
0.0428978 
0.0410250 
0.0390799 
0.0370631 
0.0349749 
0.0328158 
0.0305864 
0.0282872 
0.0259186 
0.0234811 
0.0209751 
0.0184008 
0.0157584 
0.0130481 
0.0102698 
0.0074232 
0.0045081 
0.0015237 
-0.0015307 
-0.0046561 
-0.0078539 
-0.0111256 
-0.0144729 
-0.0178979 
-0.0214028 
-0.0249901 
-0.0286623 
-0.0324223 
-0.0362731 
-0.0402176 
-0.0442589 
-0.0484002 
-0.0526443 
-0.0569944 
-0.0614532 
-0.0660234 
-0.0707076 
-0.0755080 
-0.0804267 
-0.0854653 
-0.0906254 
-0.0959081 
-0.1013143 
-0.1068446 
-0.1124993 
-0.1182785 
-0.1241821 
-0.1302098 
-0.1363610 
-0.1426351 
-0.1490315 
-0.1555495 
-0.1621882 
-0.1689468 
-0.1758246 
-0.1828205 
-0.1899337 
-0.1971633 
-0.2045084 
-0.2119681 
-0.2195417 
-0.2272283 
-0.2350273 
-0.2429380 
-0.2509599 
-0.2590924 
-0.2673351 
-0.2756875 
-0.2841493 
-0.2927201 
-0.3013996 
-0.3101872 
-0.3190827 
-0.3280855 
-0.3371950 
-0.3464108 
-0.3557322 
-0.3651585 
-0.3746890 
-0.3843229 
-0.3940593 
-0.4038976 
-0.4138367 
-0.4238760 
-0.4340147 
-0.4442520 
-0.4545872 
-0.4650198 
-0.4755491 
-0.4861748 
-0.4968963 
-0.5077132 
-0.5186253 
-0.5296323 
-0.5407337 
-0.5519294 
-0.5632190 
-0.5746022 
-0.5860785 
-0.5976475 
-0.6093088 
