[TEMPO]
0.0000000 
0.0100000 
0.0200000 
0.0300000 
0.0400000 
0.0500000 
0.0600000 
0.0700000 
0.0800000 
0.0900000 
0.1000000 
0.1100000 
0.1200000 
0.1300000 
0.1400000 
0.1500000 
0.1600000 
0.1700000 
0.1800000 
0.1900000 
0.2000000 
0.2100000 
0.2200000 
0.2300000 
0.2400000 
0.2500000 
0.2600000 
0.2700000 
0.2800000 
0.2900000 
0.3000000 
0.3100000 
0.3200000 
0.3300000 
0.3400000 
0.3500000 
0.3600000 
0.3700000 
0.3800000 
0.3900000 
0.4000000 
0.4100000 
0.4200000 
0.4300000 
0.4400000 
0.4500000 
0.4600000 
0.4700000 
0.4800000 
0.4900000 
0.5000000 
0.5100000 
0.5200000 
0.5300000 
0.5400000 
0.5500000 
0.5600000 
0.5700000 
0.5800000 
0.5900000 
0.6000000 
0.6100000 
0.6200000 
0.6300000 
0.6400000 
0.6500000 
0.6600000 
0.6700000 
0.6800000 
0.6900000 
0.7000000 
0.7100000 
0.7200000 
0.7300000 
0.7400000 
0.7500000 
0.7600000 
0.7700000 
0.7800000 
0.7900000 
0.8000000 
0.8100000 
0.8200000 
0.8300000 
0.8400000 
0.8500000 
0.8600000 
0.8700000 
0.8800000 
0.8900000 
0.9000000 
0.9100000 
0.9200000 
0.9300000 
0.9400000 
0.9500000 
0.9600000 
0.9700000 
0.9800000 
0.9900000 
1.0000000 
1.0100000 
1.0200000 
1.0300000 
1.0400000 
1.0500000 
1.0600000 
1.0700000 
1.0800000 
1.0900000 
1.1000000 
1.1100000 
1.1200000 
1.1300000 
1.1400000 
1.1500000 
1.1600000 
1.1700000 
1.1800000 
1.1900000 
1.2000000 
1.2100000 
1.2200000 
1.2300000 
1.2400000 
1.2500000 
1.2600000 
1.2700000 
1.2800000 
1.2900000 
1.3000000 
1.3100000 
1.3200000 
1.3300000 
1.3400000 
1.3500000 
1.3600000 
1.3700000 
1.3800000 
1.3900000 
1.4000000 
1.4100000 
1.4200000 
1.4300000 
1.4400000 
1.4500000 
1.4600000 
1.4700000 
1.4800000 
1.4900000 
1.5000000 
1.5100000 
1.5200000 
1.5300000 
1.5400000 
1.5500000 
1.5600000 
1.5700000 
1.5800000 
1.5900000 
1.6000000 
1.6100000 
1.6200000 
1.6300000 
1.6400000 
1.6500000 
1.6600000 
1.6700000 
1.6800000 
1.6900000 
1.7000000 
1.7100000 
1.7200000 
1.7300000 
1.7400000 
1.7500000 
1.7600000 
1.7700000 
1.7800000 
1.7900000 
1.8000000 
1.8100000 
1.8200000 
1.8300000 
1.8400000 
1.8500000 
1.8600000 
1.8700000 
1.8800000 
1.8900000 
1.9000000 
1.9100000 
1.9200000 
1.9300000 
1.9400000 
1.9500000 
1.9600000 
1.9700000 
1.9800000 
1.9900000 
2.0000000 
2.0100000 
2.0200000 
2.0300000 
2.0400000 
2.0500000 
2.0600000 
2.0700000 
2.0800000 
2.0900000 
2.1000000 
2.1100000 
2.1200000 
2.1300000 
2.1400000 
2.1500000 
2.1600000 
2.1700000 
2.1800000 
2.1900000 
2.2000000 
2.2100000 
2.2200000 
2.2300000 
2.2400000 
2.2500000 
2.2600000 
2.2700000 
2.2800000 
2.2900000 
2.3000000 
2.3100000 
2.3200000 
2.3300000 
2.3400000 
2.3500000 
2.3600000 
2.3700000 
2.3800000 
2.3900000 
2.4000000 
2.4100000 
2.4200000 
2.4300000 
2.4400000 
2.4500000 
2.4600000 
2.4700000 
2.4800000 
2.4900000 
2.5000000 
2.5100000 
2.5200000 
2.5300000 
2.5400000 
2.5500000 
2.5600000 
2.5700000 
2.5800000 
2.5900000 
2.6000000 
2.6100000 
2.6200000 
2.6300000 
2.6400000 
2.6500000 
2.6600000 
2.6700000 
2.6800000 
2.6900000 
2.7000000 
2.7100000 
2.7200000 
2.7300000 
2.7400000 
2.7500000 
2.7600000 
2.7700000 
2.7800000 
2.7900000 
2.8000000 
2.8100000 
2.8200000 
2.8300000 
2.8400000 
2.8500000 
2.8600000 
2.8700000 
2.8800000 
2.8900000 
2.9000000 
2.9100000 
2.9200000 
2.9300000 
2.9400000 
2.9500000 
2.9600000 
2.9700000 
2.9800000 
2.9900000 
3.0000000 
3.0100000 
3.0200000 
3.0300000 
3.0400000 
3.0500000 
3.0600000 
3.0700000 
3.0800000 
3.0900000 
3.1000000 
3.1100000 
3.1200000 
3.1300000 
3.1400000 
3.1500000 
3.1600000 
3.1700000 
3.1800000 
3.1900000 
3.2000000 
3.2100000 
3.2200000 
3.2300000 
3.2400000 
3.2500000 
3.2600000 
3.2700000 
3.2800000 
3.2900000 
3.3000000 
3.3100000 
3.3200000 
3.3300000 
3.3400000 
3.3500000 
3.3600000 
3.3700000 
3.3800000 
3.3900000 
3.4000000 
3.4100000 
3.4200000 
3.4300000 
3.4400000 
3.4500000 
3.4600000 
3.4700000 
3.4800000 
3.4900000 
3.5000000 
3.5100000 
3.5200000 
3.5300000 
3.5400000 
3.5500000 
3.5600000 
3.5700000 
3.5800000 
3.5900000 
3.6000000 
3.6100000 
3.6200000 
3.6300000 
3.6400000 
3.6500000 
3.6600000 
3.6700000 
3.6800000 
3.6900000 
3.7000000 
3.7100000 
3.7200000 
3.7300000 
3.7400000 
3.7500000 
3.7600000 
3.7700000 
3.7800000 
3.7900000 
3.8000000 
3.8100000 
3.8200000 
3.8300000 
3.8400000 
3.8500000 
3.8600000 
3.8700000 
3.8800000 
3.8900000 
3.9000000 
3.9100000 
3.9200000 
3.9300000 
3.9400000 
3.9500000 
3.9600000 
3.9700000 
3.9800000 
3.9900000 
4.0000000 
4.0100000 
4.0200000 
4.0300000 
4.0400000 
4.0500000 
4.0600000 
4.0700000 
4.0800000 
4.0900000 
4.1000000 
4.1100000 
4.1200000 
4.1300000 
4.1400000 
4.1500000 
4.1600000 
4.1700000 
4.1800000 
4.1900000 
4.2000000 
4.2100000 
4.2200000 
4.2300000 
4.2400000 
4.2500000 
4.2600000 
4.2700000 
4.2800000 
4.2900000 
4.3000000 
4.3100000 
4.3200000 
4.3300000 
4.3400000 
4.3500000 
4.3600000 
4.3700000 
4.3800000 
4.3900000 
4.4000000 
4.4100000 
4.4200000 
4.4300000 
4.4400000 
4.4500000 
4.4600000 
4.4700000 
4.4800000 
4.4900000 
4.5000000 
4.5100000 
4.5200000 
4.5300000 
4.5400000 
4.5500000 
4.5600000 
4.5700000 
4.5800000 
4.5900000 
4.6000000 
4.6100000 
4.6200000 
4.6300000 
4.6400000 
4.6500000 
4.6600000 
4.6700000 
4.6800000 
4.6900000 
4.7000000 
4.7100000 
4.7200000 
4.7300000 
4.7400000 
4.7500000 
4.7600000 
4.7700000 
4.7800000 
4.7900000 
4.8000000 
4.8100000 
4.8200000 
4.8300000 
4.8400000 
4.8500000 
4.8600000 
4.8700000 
4.8800000 
4.8900000 
4.9000000 
4.9100000 
4.9200000 
4.9300000 
4.9400000 
4.9500000 
4.9600000 
4.9700000 
4.9800000 
4.9900000 
5.0000000 
5.0100000 
5.0200000 
5.0300000 
5.0400000 
5.0500000 
5.0600000 
5.0700000 
5.0800000 
5.0900000 
5.1000000 
5.1100000 
5.1200000 
5.1300000 
5.1400000 
5.1500000 
5.1600000 
5.1700000 
5.1800000 
5.1900000 
5.2000000 
5.2100000 
5.2200000 
5.2300000 
5.2400000 
5.2500000 
5.2600000 
5.2700000 
5.2800000 
5.2900000 
5.3000000 
5.3100000 
5.3200000 
5.3300000 
5.3400000 
5.3500000 
5.3600000 
5.3700000 
5.3800000 
5.3900000 
5.4000000 
5.4100000 
5.4200000 
5.4300000 
5.4400000 
5.4500000 
5.4600000 
5.4700000 
5.4800000 
5.4900000 
5.5000000 
5.5100000 
5.5200000 
5.5300000 
5.5400000 
5.5500000 
5.5600000 
5.5700000 
5.5800000 
5.5900000 
5.6000000 
5.6100000 
5.6200000 
5.6300000 
5.6400000 
5.6500000 
5.6600000 
5.6700000 
5.6800000 
5.6900000 
5.7000000 
5.7100000 
5.7200000 
5.7300000 
5.7400000 
5.7500000 
5.7600000 
5.7700000 
5.7800000 
5.7900000 
5.8000000 
5.8100000 
5.8200000 
5.8300000 
5.8400000 
5.8500000 
5.8600000 
5.8700000 
5.8800000 
5.8900000 
5.9000000 
5.9100000 
5.9200000 
5.9300000 
5.9400000 
5.9500000 
5.9600000 
5.9700000 
5.9800000 
5.9900000 
[W1]
625.0000000 
625.0000000 
625.0000000 
625.0000000 
625.0000000 
625.0000000 
625.0000000 
625.0000000 
625.0000000 
625.0000000 
625.0000000 
625.0000000 
625.0000000 
625.0000000 
625.0000000 
625.0000000 
625.0000000 
625.0000000 
625.0000000 
625.0000000 
625.0000000 
625.0000000 
625.0000000 
625.0000000 
625.0000000 
625.0000000 
625.0000000 
625.0000000 
625.0000000 
625.0000000 
625.0000000 
625.0000000 
625.0000000 
625.0000000 
625.0000000 
625.0000000 
625.0000000 
625.0000000 
625.0000000 
625.0000000 
625.0000000 
625.0000000 
625.0000000 
625.0000000 
625.0000000 
625.0000000 
625.0000000 
625.0000000 
625.0000000 
625.0000000 
595.6304750 
596.4566339 
597.2473773 
597.9954682 
598.7822993 
599.5020327 
600.1215853 
600.7644566 
601.3380600 
601.9451307 
602.4023937 
602.9973850 
603.4299306 
603.8894403 
604.2858110 
604.7260202 
605.0759098 
605.4067048 
605.7686010 
606.0581425 
606.3204614 
606.6286807 
606.8551369 
607.0731272 
607.3144252 
607.5142007 
607.6639941 
607.8457354 
608.0268636 
608.1447603 
608.2861110 
608.4348222 
608.5436489 
608.6546263 
608.7086922 
608.8278548 
608.9167526 
608.9826012 
609.0710991 
609.1290627 
609.1797569 
609.2499687 
609.2733966 
609.3385569 
609.3895950 
609.4148192 
609.4631613 
609.5123561 
609.5490994 
609.5848728 
609.6030263 
609.6391641 
609.6665727 
609.7070388 
609.7363382 
609.7666769 
609.8031024 
609.8384756 
609.8750861 
609.9106194 
609.9481492 
609.9938220 
610.0341791 
610.0763215 
610.1204060 
610.1665153 
610.2146815 
610.2649196 
610.3172519 
610.3717199 
610.4283829 
610.4855451 
610.5453590 
610.6070617 
610.6707478 
610.7363928 
610.8039896 
610.8735227 
610.9449772 
611.0183244 
611.0935454 
611.1705568 
611.2493976 
611.3300419 
611.4121500 
611.4917353 
611.5817992 
611.6686338 
611.7542728 
611.8448190 
611.9358824 
612.0300676 
612.1241041 
612.2193911 
612.3152811 
612.4129783 
612.5113080 
612.6104126 
612.7106063 
612.8115484 
612.9132199 
613.0155855 
613.1187825 
613.2222355 
613.3261697 
613.4305072 
613.5353312 
613.6402631 
613.7457020 
613.8527133 
613.9566248 
614.0646934 
614.1706320 
614.2767878 
614.3828917 
614.4889362 
614.5948767 
614.7006762 
614.8062987 
614.9117098 
615.0168767 
615.1217683 
615.2263549 
615.3306083 
615.4345019 
615.5380106 
615.6411106 
615.7437795 
615.8459963 
615.9477414 
616.0486237 
616.1431862 
616.2432117 
616.3488997 
616.4482155 
616.5467687 
616.6447133 
616.7421092 
616.8344154 
616.9299515 
617.0242450 
617.1174386 
617.2178048 
617.3135576 
617.4000660 
617.4920747 
617.5821049 
617.6756734 
617.7654089 
617.8549009 
617.9439648 
618.0323810 
618.1201353 
618.2072257 
618.2936483 
618.3794005 
618.4644799 
618.5488837 
618.6326545 
618.7158163 
618.7983682 
618.8803022 
618.9607664 
619.0414058 
619.1214064 
619.2010057 
619.2737068 
619.3522468 
619.4312111 
619.5115127 
619.5814028 
619.6633616 
619.7365096 
619.8067516 
619.8796357 
619.9517809 
620.0231068 
620.0935512 
620.1645707 
620.2304025 
620.2984797 
620.3656382 
620.4318673 
620.4971707 
620.5615581 
620.6250363 
620.6876068 
620.7492677 
620.8100116 
620.8698277 
620.9287018 
620.9866146 
621.0435416 
621.0994478 
621.1542811 
621.2087666 
621.2649123 
621.3163706 
621.3667466 
621.4198076 
621.4678171 
621.5146423 
621.5651095 
621.6094546 
621.6568441 
621.6986448 
621.7439556 
621.7808619 
621.8263855 
621.8686768 
621.9037993 
621.9440374 
621.9807610 
622.0196063 
622.0489888 
622.0845790 
622.1162277 
622.1468355 
622.1763028 
622.2046038 
622.2317348 
622.2581539 
622.2829847 
622.3064901 
622.3341765 
622.3649017 
622.3850875 
622.4046546 
622.4229667 
622.4401519 
622.4581913 
622.4683650 
622.4792950 
622.5068021 
622.5099171 
622.5189585 
622.5299716 
622.5391713 
622.5418013 
622.5423825 
622.5532850 
622.5526230 
622.5710993 
622.5580014 
622.5738257 
622.5579950 
622.5581002 
622.5747896 
622.5546967 
622.5650658 
622.5458596 
622.5498837 
622.5459630 
622.5377914 
622.5291754 
622.5196737 
622.5093616 
622.4982504 
622.4863598 
622.4737087 
622.4603164 
622.4462022 
622.4313858 
622.4158871 
622.3997260 
622.3829227 
622.3654975 
622.3474708 
622.3288633 
622.3096955 
622.2899884 
622.2697628 
622.2490397 
622.2279477 
622.2062385 
622.1842101 
622.1618201 
622.1281537 
622.1194146 
622.0853004 
622.0698773 
622.0336719 
622.0232663 
621.9881020 
621.9714625 
621.9385411 
621.9208619 
621.8875252 
621.8694870 
621.8358508 
621.8175140 
621.7836623 
621.7650965 
621.7311126 
621.7123844 
621.6783500 
621.6595230 
621.6263042 
621.6066783 
621.5735568 
621.5539271 
621.5210221 
621.5014312 
621.4688108 
621.4493139 
621.4170436 
621.3976930 
621.3658348 
621.3466802 
621.3152924 
621.2963813 
621.2655182 
621.2468979 
621.2166118 
621.1962683 
621.1676475 
621.1526816 
621.1282309 
621.0980676 
621.0762292 
621.0585829 
621.0304087 
621.0163032 
620.9938575 
620.9657464 
620.9522195 
620.9231124 
620.9108261 
620.8838941 
620.8714927 
620.8451037 
620.8333081 
620.8078848 
620.7966281 
620.7721431 
620.7614511 
620.7379161 
620.7278034 
620.7052237 
620.6957036 
620.6740816 
620.6651672 
620.6445048 
620.6362019 
620.6164953 
620.6088106 
620.5900561 
620.5829936 
620.5647772 
620.5585656 
620.5415345 
620.5359111 
620.5197735 
620.5147514 
620.4995501 
620.4951157 
620.4808387 
620.4769935 
620.4624636 
620.4564134 
620.4531682 
620.4406242 
620.4393992 
620.4269166 
620.4234524 
620.4195376 
620.4104512 
620.4091020 
620.4005106 
620.4008875 
620.3935030 
620.3904859 
620.3868433 
620.3834612 
620.3803910 
620.3776299 
620.3751734 
620.3730166 
620.3711545 
620.3695823 
620.3682949 
620.3662087 
620.3682464 
620.3652163 
620.3674884 
620.3660064 
620.3681069 
620.3678944 
620.3686974 
620.3697587 
620.3710497 
620.3725638 
620.3742957 
620.3742683 
620.3765433 
620.3786986 
620.3874764 
620.3840686 
620.3931122 
620.3901694 
620.3994639 
620.3969558 
620.4064880 
620.4043840 
620.4141388 
620.4124073 
620.4223710 
620.4209808 
620.4311403 
620.4300599 
620.4404038 
620.4395978 
620.4468765 
620.4574209 
620.4568962 
620.4675918 
620.4672783 
620.4781147 
620.4779804 
620.4889449 
620.4896657 
620.4967638 
620.4995892 
620.5081741 
620.5131209 
620.5198925 
620.5247556 
620.5307279 
620.5366939 
620.5426772 
620.5506757 
620.5527126 
620.5641876 
620.5646031 
620.5761055 
620.5765063 
620.5880223 
620.5883915 
620.5999073 
620.6015692 
620.6087377 
620.6140311 
620.6222660 
620.6238575 
620.6352876 
620.6369200 
620.6443589 
620.6483182 
620.6558773 
620.6597139 
620.6672936 
620.6685194 
620.6773667 
620.6818671 
620.6894756 
620.6905735 
620.7014929 
620.7037629 
620.7081881 
620.7152180 
620.7192319 
620.7231998 
620.7298463 
620.7336799 
620.7382755 
620.7428563 
620.7473577 
620.7517704 
620.7560921 
620.7603216 
620.7644577 
620.7684992 
620.7724452 
620.7762945 
620.7792517 
620.7828091 
620.7862970 
620.7896874 
620.7929780 
620.7961680 
620.7992568 
620.8022441 
620.8051293 
620.8079121 
620.8105922 
620.8131695 
620.8156436 
620.8180146 
620.8202824 
620.8224471 
620.8245087 
620.8246126 
620.8298437 
620.8305976 
620.8304338 
620.8354380 
620.8328227 
620.8351831 
620.8395736 
620.8390781 
620.8430972 
620.8423305 
620.8461219 
620.8450759 
620.8486402 
620.8472838 
620.8492655 
620.8490388 
620.8525034 
620.8500552 
620.8510659 
620.8507973 
620.8534660 
620.8508260 
620.8525297 
620.8501971 
620.8531178 
620.8516487 
620.8503820 
620.8516415 
620.8513568 
620.8499166 
620.8482555 
620.8480385 
620.8494889 
620.8473931 
620.8454163 
620.8465955 
620.8443597 
620.8413524 
620.8417410 
620.8401664 
620.8384852 
620.8371848 
620.8352298 
620.8329826 
620.8296212 
620.8290291 
620.8280522 
620.8252146 
620.8241316 
620.8204988 
620.8184797 
620.8167037 
620.8162282 
620.8138692 
620.8123805 
620.8104227 
620.8090801 
620.8049222 
[W2]
625.0000000 
625.0000000 
625.0000000 
625.0000000 
625.0000000 
625.0000000 
625.0000000 
625.0000000 
625.0000000 
625.0000000 
625.0000000 
625.0000000 
625.0000000 
625.0000000 
625.0000000 
625.0000000 
625.0000000 
625.0000000 
625.0000000 
625.0000000 
625.0000000 
625.0000000 
625.0000000 
625.0000000 
625.0000000 
625.0000000 
625.0000000 
625.0000000 
625.0000000 
625.0000000 
625.0000000 
625.0000000 
625.0000000 
625.0000000 
625.0000000 
625.0000000 
625.0000000 
625.0000000 
625.0000000 
625.0000000 
625.0000000 
625.0000000 
625.0000000 
625.0000000 
625.0000000 
625.0000000 
625.0000000 
625.0000000 
625.0000000 
625.0000000 
571.7157954 
573.0815157 
574.4180736 
575.7119333 
577.0972664 
578.3966469 
579.5528975 
580.7712487 
581.8954796 
583.0965123 
584.0659211 
585.2841899 
586.2475533 
587.2717050 
588.2052392 
589.2247448 
590.1066511 
590.9683106 
591.8905715 
592.7032157 
593.4796552 
594.3363407 
595.0674472 
595.7900768 
596.5526469 
597.2527139 
597.8784934 
598.5538950 
599.2277202 
599.8074019 
600.4201225 
601.0406757 
601.6012356 
602.1615042 
602.6403371 
603.2033984 
603.7204173 
604.2022451 
604.7070294 
605.1674896 
605.6132211 
606.0753103 
606.4770960 
606.9189610 
607.3375039 
607.7221048 
608.1229205 
608.5163467 
608.8901271 
609.2555910 
609.5988203 
609.9499317 
610.2869949 
610.6262204 
610.9502557 
611.2682180 
611.5827281 
611.8897215 
612.1906882 
612.4848417 
612.7736397 
613.0587577 
613.3362496 
613.6085666 
613.8758258 
614.1381093 
614.3954855 
614.6480191 
614.8957710 
615.1387892 
615.3770988 
615.6114171 
615.8411500 
616.0666427 
616.2879247 
616.5050721 
616.7181423 
616.9271880 
617.1322499 
617.3333712 
617.5305707 
617.7239516 
617.9134210 
618.0989469 
618.2811490 
618.4694549 
618.6330308 
618.8041922 
618.9803072 
619.1425651 
619.3039400 
619.4538360 
619.6056350 
619.7532742 
619.9004396 
620.0390444 
620.1763033 
620.3115863 
620.4412297 
620.5680716 
620.6919683 
620.8155688 
620.9137966 
621.0277895 
621.1332504 
621.2353730 
621.3368086 
621.4303038 
621.5242587 
621.6296089 
621.6938700 
621.7968035 
621.8732671 
621.9478602 
622.0187024 
622.0860993 
622.1500392 
622.2105597 
622.2676926 
622.3214723 
622.3719348 
622.4191172 
622.4630588 
622.5037998 
622.5413825 
622.5758505 
622.6072492 
622.6356255 
622.6610281 
622.6835072 
622.7017199 
622.6981766 
622.7123585 
622.7430354 
622.7521815 
622.7581967 
622.7616039 
622.7626572 
622.7490479 
622.7439767 
622.7350414 
622.7228102 
622.7280564 
622.7207383 
622.6907974 
622.6738713 
622.6520615 
622.6379610 
622.6149489 
622.5912153 
622.5663953 
622.5400864 
622.5123339 
622.4832082 
622.4527772 
622.4211103 
622.3882767 
622.3543448 
622.3194636 
622.2837433 
622.2472479 
622.2100279 
622.1707303 
622.1321848 
622.0930778 
622.0538448 
622.0044890 
621.9646657 
621.9261639 
621.8905054 
621.8403833 
621.8083060 
621.7645570 
621.7178184 
621.6757282 
621.6336302 
621.5914756 
621.5492468 
621.5088454 
621.4630663 
621.4213589 
621.3797654 
621.3383315 
621.2971182 
621.2561910 
621.2156088 
621.1754227 
621.1356772 
621.0964089 
621.0576493 
621.0194249 
620.9817554 
620.9446548 
620.9081252 
620.8721524 
620.8374395 
620.8059894 
620.7716935 
620.7380840 
620.7085945 
620.6762035 
620.6445035 
620.6177400 
620.5872969 
620.5612240 
620.5320928 
620.5076681 
620.4779964 
620.4571599 
620.4353425 
620.4095066 
620.3894784 
620.3683793 
620.3506146 
620.3272847 
620.3104005 
620.2922219 
620.2749511 
620.2585102 
620.2428764 
620.2280421 
620.2143256 
620.2010957 
620.1885353 
620.1804724 
620.1759653 
620.1657668 
620.1566801 
620.1482536 
620.1405598 
620.1348796 
620.1254775 
620.1179847 
620.1226879 
620.1129248 
620.1084071 
620.1064711 
620.1046931 
620.1000753 
620.0954142 
620.0984704 
620.0955079 
620.1056519 
620.0974245 
620.1081778 
620.1005928 
620.1039784 
620.1184480 
620.1115059 
620.1241410 
620.1197948 
620.1305222 
620.1373605 
620.1425431 
620.1483557 
620.1545060 
620.1610147 
620.1678640 
620.1750411 
620.1825325 
620.1903251 
620.1984061 
620.2067624 
620.2153817 
620.2242512 
620.2333590 
620.2426928 
620.2522409 
620.2619917 
620.2719337 
620.2820559 
620.2923473 
620.3027973 
620.3134638 
620.3241656 
620.3350689 
620.3461245 
620.3502534 
620.3708712 
620.3752874 
620.3922438 
620.3957602 
620.4166557 
620.4212623 
620.4385325 
620.4449720 
620.4619824 
620.4683873 
620.4855152 
620.4918780 
620.5090875 
620.5153820 
620.5326460 
620.5388486 
620.5561405 
620.5622299 
620.5795234 
620.5860745 
620.6027685 
620.6091739 
620.6257901 
620.6320685 
620.6485714 
620.6547073 
620.6710735 
620.6770531 
620.6932599 
620.6990703 
620.7150959 
620.7207253 
620.7365486 
620.7419859 
620.7575893 
620.7628255 
620.7763838 
620.7823103 
620.8000439 
620.8089743 
620.8122900 
620.8227692 
620.8367680 
620.8405189 
620.8570933 
620.8653600 
620.8676656 
620.8836381 
620.8838672 
620.9002285 
620.9014833 
620.9168577 
620.9174849 
620.9325544 
620.9329585 
620.9476242 
620.9477604 
620.9620205 
620.9618879 
620.9757323 
620.9753265 
620.9887471 
620.9880642 
621.0010559 
621.0000944 
621.0126474 
621.0114033 
621.0235118 
621.0219839 
621.0336422 
621.0313176 
621.0427934 
621.0404798 
621.0514567 
621.0488140 
621.0593051 
621.0564021 
621.0663911 
621.0632319 
621.0727242 
621.0678019 
621.0731765 
621.0815708 
621.0771041 
621.0869166 
621.0811273 
621.0866961 
621.0910570 
621.0878011 
621.0943642 
621.0904552 
621.0981675 
621.0946039 
621.0964247 
621.0967711 
621.0968679 
621.0967943 
621.0965553 
621.0961532 
621.0955904 
621.0948691 
621.0939920 
621.0929614 
621.0902325 
621.0928647 
621.0877384 
621.0896670 
621.0857020 
621.0863812 
621.0832509 
621.0810988 
621.0788478 
621.0764677 
621.0739600 
621.0713278 
621.0657153 
621.0630335 
621.0597467 
621.0656093 
621.0535574 
621.0590304 
621.0469363 
621.0520367 
621.0399073 
621.0446550 
621.0324962 
621.0369089 
621.0247249 
621.0288226 
621.0166175 
621.0204207 
621.0081981 
621.0117298 
620.9994872 
620.9978474 
621.0009660 
620.9886330 
620.9915280 
620.9791975 
620.9818920 
620.9695640 
620.9720776 
620.9607047 
620.9577539 
620.9490183 
620.9478032 
620.9416997 
620.9379064 
620.9315547 
620.9265869 
620.9215540 
620.9164981 
620.9139542 
620.9038416 
620.9055894 
620.8934852 
620.8951683 
620.8831315 
620.8847616 
620.8728022 
620.8743901 
620.8641200 
620.8605083 
620.8547043 
620.8524137 
620.8423909 
620.8439064 
620.8341240 
620.8311174 
620.8242168 
620.8214816 
620.8146422 
620.8120826 
620.8025785 
620.8015938 
620.7959352 
620.7937612 
620.7846732 
620.7862554 
620.7786965 
620.7735770 
620.7712967 
620.7660075 
620.7608274 
620.7585422 
620.7535038 
620.7493892 
620.7454034 
620.7414834 
620.7376222 
620.7338200 
620.7300777 
620.7263965 
620.7227770 
620.7192202 
620.7157270 
620.7115466 
620.7080984 
620.7047448 
620.7014602 
620.6982435 
620.6950949 
620.6920149 
620.6890038 
620.6860616 
620.6831887 
620.6803852 
620.6776511 
620.6749865 
620.6723915 
620.6698659 
620.6674097 
620.6650229 
620.6611329 
620.6618010 
620.6587573 
620.6551270 
620.6560277 
620.6506039 
620.6495660 
620.6504064 
620.6472732 
620.6480715 
620.6450099 
620.6458869 
620.6428874 
620.6438409 
620.6408694 
620.6407896 
620.6390565 
620.6404093 
620.6371092 
620.6367299 
620.6354799 
620.6367190 
620.6338141 
620.6344938 
620.6320538 
620.6339519 
620.6324828 
620.6313021 
620.6322010 
620.6319750 
620.6309696 
620.6299280 
620.6300657 
620.6316665 
620.6305678 
620.6296302 
620.6313107 
620.6303921 
620.6289222 
620.6302335 
620.6300762 
620.6299542 
620.6301799 
620.6299714 
620.6296140 
620.6284519 
620.6295762 
620.6304786 
620.6299517 
620.6309111 
620.6298826 
620.6302171 
620.6308248 
620.6324942 
620.6327549 
620.6337511 
620.6344328 
620.6356589 
620.6346699 
[W3]
625.0000000 
625.0000000 
625.0000000 
625.0000000 
625.0000000 
625.0000000 
625.0000000 
625.0000000 
625.0000000 
625.0000000 
625.0000000 
625.0000000 
625.0000000 
625.0000000 
625.0000000 
625.0000000 
625.0000000 
625.0000000 
625.0000000 
625.0000000 
625.0000000 
625.0000000 
625.0000000 
625.0000000 
625.0000000 
625.0000000 
625.0000000 
625.0000000 
625.0000000 
625.0000000 
625.0000000 
625.0000000 
625.0000000 
625.0000000 
625.0000000 
625.0000000 
625.0000000 
625.0000000 
625.0000000 
625.0000000 
625.0000000 
625.0000000 
625.0000000 
625.0000000 
625.0000000 
625.0000000 
625.0000000 
625.0000000 
625.0000000 
625.0000000 
590.5153007 
591.4453686 
592.3414611 
593.1951737 
594.0982053 
594.9308912 
595.6554031 
596.4112884 
597.0934799 
597.8182790 
598.3774545 
599.0972813 
599.6365969 
600.2103720 
600.7159915 
601.2748760 
601.7342638 
602.1749611 
602.6538013 
603.0530117 
603.4237318 
603.8487202 
604.1829624 
604.5094627 
604.8639131 
605.1728189 
605.4266987 
605.7175975 
606.0085879 
606.2294445 
606.4770678 
606.7331816 
606.9450347 
607.1593422 
607.3107151 
607.5337395 
607.7229962 
607.8865579 
608.0741734 
608.2278868 
608.3730126 
608.5381760 
608.6523930 
608.8099679 
608.9513035 
609.0644158 
609.2003665 
609.3357014 
609.4567438 
609.5753805 
609.6747989 
609.7908852 
609.8968043 
610.0140066 
610.1187248 
610.2229422 
610.3313685 
610.4372026 
610.5426246 
610.6455373 
610.7487629 
610.8576748 
610.9603545 
611.0631398 
611.1661629 
611.2694886 
611.3731381 
611.4771195 
611.5814465 
611.6861471 
611.7912585 
611.8955743 
612.0006735 
612.1060135 
612.2116671 
612.3176240 
612.4238843 
612.5304414 
612.6372869 
612.7444034 
612.8517759 
612.9593602 
613.0671611 
613.1751474 
613.2832063 
613.3905956 
613.4997122 
613.6079833 
613.7163674 
613.8248337 
613.9332662 
614.0409735 
614.1488515 
614.2564345 
614.3641809 
614.4709309 
614.5776487 
614.6842904 
614.7901492 
614.8957067 
615.0009150 
615.1064495 
615.2058349 
615.3094437 
615.4110691 
615.5120241 
615.6130787 
615.7120370 
615.8114272 
615.9149598 
616.0052115 
616.1087908 
616.2037065 
616.2982516 
616.3917319 
616.4842290 
616.5757128 
616.6661720 
616.7555943 
616.8439693 
616.9312881 
617.0175435 
617.1027295 
617.1868418 
617.2698773 
617.3518345 
617.4327132 
617.5125145 
617.5912409 
617.6688962 
617.7448431 
617.8104529 
617.8848306 
617.9677842 
618.0404412 
618.1117866 
618.1820743 
618.2514189 
618.3132676 
618.3798086 
618.4445163 
618.5076480 
618.5806769 
618.6471376 
618.7010416 
618.7624532 
618.8212490 
618.8847245 
618.9431886 
619.0013883 
619.0590951 
619.1160459 
619.1722432 
619.2277046 
619.2824457 
619.3364830 
619.3898332 
619.4425120 
619.4945889 
619.5461092 
619.5970887 
619.6475338 
619.6964797 
619.7458438 
619.7946979 
619.8433244 
619.8844585 
619.9323642 
619.9810044 
620.0314196 
620.0706881 
620.1233951 
620.1668211 
620.2074613 
620.2512817 
620.2946423 
620.3374703 
620.3797137 
620.4229096 
620.4610447 
620.5019089 
620.5421988 
620.5819151 
620.6210732 
620.6596937 
620.6977935 
620.7353836 
620.7724707 
620.8090556 
620.8451353 
620.8807029 
620.9157463 
620.9502478 
620.9841793 
621.0174960 
621.0509043 
621.0863691 
621.1177100 
621.1484490 
621.1822129 
621.2115530 
621.2402075 
621.2727843 
621.2999490 
621.3304516 
621.3560804 
621.3854719 
621.4073582 
621.4378023 
621.4656206 
621.4871318 
621.5138626 
621.5377204 
621.5639742 
621.5818201 
621.6058539 
621.6266307 
621.6468452 
621.6664027 
621.6852764 
621.7034603 
621.7213724 
621.7382030 
621.7541912 
621.7743875 
621.7977123 
621.8117485 
621.8255737 
621.8386011 
621.8509432 
621.8643970 
621.8710230 
621.8786588 
621.9016927 
621.9028640 
621.9097421 
621.9187088 
621.9263292 
621.9282931 
621.9286797 
621.9386934 
621.9385111 
621.9559184 
621.9450354 
621.9605559 
621.9477173 
621.9495506 
621.9665758 
621.9506025 
621.9623748 
621.9476544 
621.9541332 
621.9536434 
621.9495178 
621.9451901 
621.9402555 
621.9347763 
621.9287570 
621.9222095 
621.9151450 
621.9075753 
621.8995122 
621.8909677 
621.8819539 
621.8724834 
621.8625686 
621.8522223 
621.8414575 
621.8302872 
621.8187246 
621.8067830 
621.7944759 
621.7818169 
621.7689181 
621.7555471 
621.7419707 
621.7281452 
621.7040619 
621.7029038 
621.6785273 
621.6713833 
621.6451767 
621.6427819 
621.6176100 
621.6095796 
621.5865367 
621.5776350 
621.5542484 
621.5450847 
621.5214413 
621.5120531 
621.4882109 
621.4786450 
621.4546621 
621.4449629 
621.4208964 
621.4111063 
621.3877548 
621.3771953 
621.3538654 
621.3432680 
621.3200550 
621.3094436 
621.2863955 
621.2758063 
621.2529696 
621.2424370 
621.2198557 
621.2094121 
621.1871277 
621.1768039 
621.1548549 
621.1446826 
621.1231064 
621.1111094 
621.0909504 
621.0840437 
621.0677713 
621.0457777 
621.0318522 
621.0219643 
621.0015629 
620.9949791 
620.9800186 
620.9592871 
620.9529717 
620.9309585 
620.9256650 
620.9055386 
620.8999002 
620.8800160 
620.8747473 
620.8555255 
620.8505517 
620.8319606 
620.8273008 
620.8093494 
620.8050124 
620.7877036 
620.7836976 
620.7670328 
620.7633668 
620.7473471 
620.7440233 
620.7286454 
620.7256678 
620.7109289 
620.7082993 
620.6937592 
620.6917177 
620.6780669 
620.6763365 
620.6632707 
620.6618651 
620.6494341 
620.6483394 
620.6365358 
620.6357550 
620.6233155 
620.6198384 
620.6192274 
620.6083924 
620.6096535 
620.5985312 
620.5970408 
620.5949075 
620.5869739 
620.5873208 
620.5795953 
620.5815270 
620.5747960 
620.5726986 
620.5697616 
620.5669586 
620.5643478 
620.5619289 
620.5596990 
620.5576553 
620.5557946 
620.5541143 
620.5526113 
620.5500849 
620.5520000 
620.5481689 
620.5500877 
620.5477152 
620.5491969 
620.5479918 
620.5477967 
620.5477738 
620.5478941 
620.5481533 
620.5485481 
620.5468821 
620.5476794 
620.5482398 
620.5560564 
620.5502630 
620.5581880 
620.5527429 
620.5607697 
620.5556521 
620.5637764 
620.5589651 
620.5671803 
620.5626528 
620.5709538 
620.5666881 
620.5750706 
620.5710441 
620.5795055 
620.5756910 
620.5805805 
620.5891021 
620.5854932 
620.5940812 
620.5906428 
620.5992955 
620.5960038 
620.6047165 
620.6023138 
620.6067837 
620.6066237 
620.6126477 
620.6147396 
620.6187762 
620.6207544 
620.6239116 
620.6270529 
620.6302066 
620.6354958 
620.6344529 
620.6434173 
620.6406778 
620.6496556 
620.6469323 
620.6559160 
620.6531986 
620.6621802 
620.6608581 
620.6653087 
620.6678183 
620.6734022 
620.6721076 
620.6810321 
620.6798359 
620.6846638 
620.6859296 
620.6909225 
620.6921195 
620.6971787 
620.6957714 
620.7021756 
620.7041759 
620.7093661 
620.7079803 
620.7165826 
620.7164577 
620.7185512 
620.7232992 
620.7250491 
620.7267942 
620.7312614 
620.7329463 
620.7354320 
620.7379411 
620.7404093 
620.7428279 
620.7451952 
620.7475104 
620.7497727 
620.7519815 
620.7541360 
620.7562356 
620.7574992 
620.7593945 
620.7612628 
620.7630764 
620.7648333 
620.7665330 
620.7681751 
620.7697591 
620.7712847 
620.7727517 
620.7741597 
620.7755085 
620.7767980 
620.7780280 
620.7791983 
620.7803090 
620.7813600 
620.7805730 
620.7847556 
620.7846646 
620.7837413 
620.7878123 
620.7846065 
620.7862162 
620.7898134 
620.7887630 
620.7920712 
620.7908342 
620.7939907 
620.7925584 
620.7955631 
620.7939035 
620.7954642 
620.7949580 
620.7979849 
620.7954216 
620.7961768 
620.7957558 
620.7981555 
620.7955424 
620.7970775 
620.7948079 
620.7975574 
620.7961752 
620.7950153 
620.7962672 
620.7960793 
620.7948293 
620.7934031 
620.7933531 
620.7949180 
620.7931474 
620.7915049 
620.7928827 
620.7910479 
620.7884949 
620.7891836 
620.7880308 
620.7868055 
620.7859513 
620.7844959 
620.7827825 
620.7800299 
620.7799265 
620.7794773 
620.7772721 
620.7767547 
620.7738239 
620.7724443 
620.7713140 
620.7714250 
620.7697672 
620.7689458 
620.7676918 
620.7670349 
620.7637067 
[W4]
625.0000000 
625.0000000 
625.0000000 
625.0000000 
625.0000000 
625.0000000 
625.0000000 
625.0000000 
625.0000000 
625.0000000 
625.0000000 
625.0000000 
625.0000000 
625.0000000 
625.0000000 
625.0000000 
625.0000000 
625.0000000 
625.0000000 
625.0000000 
625.0000000 
625.0000000 
625.0000000 
625.0000000 
625.0000000 
625.0000000 
625.0000000 
625.0000000 
625.0000000 
625.0000000 
625.0000000 
625.0000000 
625.0000000 
625.0000000 
625.0000000 
625.0000000 
625.0000000 
625.0000000 
625.0000000 
625.0000000 
625.0000000 
625.0000000 
625.0000000 
625.0000000 
625.0000000 
625.0000000 
625.0000000 
625.0000000 
625.0000000 
625.0000000 
565.7147608 
567.2106157 
568.6787389 
570.1041104 
571.6336585 
573.0727332 
574.3583531 
575.7155142 
576.9726408 
578.3172026 
579.4104227 
580.7797137 
581.8717698 
583.0330936 
584.0972910 
585.2581064 
586.2699288 
587.2614860 
588.3213375 
589.2625760 
590.1656629 
591.1580979 
592.0141645 
592.8621166 
593.7547615 
594.5798875 
595.3246784 
596.1242722 
596.9225886 
597.6187881 
598.3512113 
599.0922407 
599.7681624 
600.4437177 
601.0311202 
601.7092479 
602.3372836 
602.9270360 
603.5408001 
604.1064699 
604.6557456 
605.2215152 
605.7225966 
606.2649279 
606.7815395 
607.2616323 
607.7572401 
608.2436907 
608.7084749 
609.1632653 
609.5941506 
610.0312167 
610.4526769 
610.8741869 
611.2791268 
611.6762771 
612.0678611 
612.4502549 
612.8248215 
613.1910351 
613.5500672 
613.9027321 
614.2468393 
614.5839776 
614.9142436 
615.2377068 
615.5544301 
615.8644764 
616.1679030 
616.4647479 
616.7550172 
617.0399540 
617.3183532 
617.5907978 
617.8572964 
618.1179418 
618.3728004 
618.6219354 
618.8653957 
619.1032367 
619.3354821 
619.5622764 
619.7834911 
619.9990888 
620.2099252 
620.4288010 
620.6138554 
620.8089815 
621.0104228 
621.1930017 
621.3741279 
621.5397870 
621.7076797 
621.8698083 
622.0310038 
622.1807287 
622.3284126 
622.4732315 
622.6104626 
622.7437947 
622.8730526 
623.0016214 
623.0975654 
623.2133746 
623.3180800 
623.4183165 
623.5174477 
623.6063307 
623.6955773 
623.7988762 
623.8504708 
623.9502657 
624.0167662 
624.0807621 
624.1399279 
624.1946615 
624.2449650 
624.2909013 
624.3325261 
624.3698977 
624.4030758 
624.4321215 
624.4570977 
624.4780686 
624.4951001 
624.5082595 
624.5176159 
624.5232399 
624.5252039 
624.5235816 
624.5167685 
624.4839118 
624.4722482 
624.4801429 
624.4623116 
624.4407336 
624.4160368 
624.3885329 
624.3437641 
624.3090590 
624.2698224 
624.2267438 
624.2040310 
624.1666242 
624.1029953 
624.0545023 
624.0004002 
623.9552031 
623.8997829 
623.8435797 
623.7861806 
623.7271353 
623.6665066 
623.6043856 
623.5408606 
623.4760213 
623.4099570 
623.3427560 
623.2745960 
623.2056104 
623.1358808 
623.0654736 
622.9929089 
622.9213194 
622.8492639 
622.7772281 
622.6943476 
622.6219993 
622.5512720 
622.4838332 
622.4010333 
622.3377957 
622.2622862 
622.1838615 
622.1106473 
622.0376865 
621.9649388 
621.8923976 
621.8220622 
621.7464185 
621.6753524 
621.6047350 
621.5346253 
621.4650977 
621.3962306 
621.3280948 
621.2607524 
621.1942584 
621.1286593 
621.0639959 
621.0003037 
620.9376110 
620.8759400 
620.8153014 
620.7556896 
620.6977921 
620.6435801 
620.5870879 
620.5317809 
620.4809608 
620.4278791 
620.3760102 
620.3293894 
620.2798148 
620.2349347 
620.1877336 
620.1455225 
620.0989911 
620.0612658 
620.0231938 
619.9820025 
619.9467509 
619.9111054 
619.8790966 
619.8426284 
619.8126087 
619.7820215 
619.7528581 
619.7250462 
619.6985628 
619.6733984 
619.6498303 
619.6272970 
619.6059576 
619.5891613 
619.5760297 
619.5585405 
619.5426100 
619.5278391 
619.5142842 
619.5030311 
619.4891739 
619.4775110 
619.4768016 
619.4643365 
619.4568973 
619.4521782 
619.4481299 
619.4422339 
619.4368139 
619.4383779 
619.4354063 
619.4438853 
619.4375421 
619.4474749 
619.4426380 
619.4474169 
619.4617842 
619.4588448 
619.4725505 
619.4726264 
619.4855819 
619.4957165 
619.5048728 
619.5149312 
619.5256392 
619.5370036 
619.5489989 
619.5616039 
619.5747968 
619.5885562 
619.6028608 
619.6176894 
619.6330211 
619.6488350 
619.6651107 
619.6818277 
619.6989661 
619.7165058 
619.7344272 
619.7527112 
619.7713384 
619.7902902 
619.8096062 
619.8291228 
619.8489720 
619.8691028 
619.8834371 
619.9120546 
619.9268584 
619.9525952 
619.9668001 
619.9961879 
620.0114874 
620.0379219 
620.0549394 
620.0813103 
620.0983842 
620.1249898 
620.1420807 
620.1688600 
620.1859130 
620.2128138 
620.2297776 
620.2567490 
620.2735754 
620.3005675 
620.3177560 
620.3441930 
620.3611644 
620.3874969 
620.4042437 
620.4304158 
620.4469005 
620.4728680 
620.4890558 
620.5147762 
620.5306346 
620.5560671 
620.5715657 
620.5966713 
620.6117814 
620.6365250 
620.6512217 
620.6738246 
620.6889485 
620.7154102 
620.7332288 
620.7454445 
620.7645269 
620.7869544 
620.7991848 
620.8239305 
620.8403579 
620.8507312 
620.8745511 
620.8825510 
620.9065280 
620.9152442 
620.9379948 
620.9457652 
620.9679622 
620.9751870 
620.9967228 
621.0033526 
621.0242180 
621.0302486 
621.0504270 
621.0558512 
621.0753287 
621.0801411 
621.0989078 
621.1031060 
621.1211481 
621.1247279 
621.1420364 
621.1449975 
621.1615642 
621.1633665 
621.1794700 
621.1809655 
621.1962747 
621.1971102 
621.2116385 
621.2118899 
621.2256204 
621.2252965 
621.2382357 
621.2357393 
621.2440401 
621.2554211 
621.2529679 
621.2656055 
621.2614554 
621.2693048 
621.2757409 
621.2738945 
621.2824368 
621.2796279 
621.2891650 
621.2864705 
621.2894390 
621.2907037 
621.2915817 
621.2921599 
621.2924453 
621.2924424 
621.2921554 
621.2915886 
621.2907468 
621.2896346 
621.2865820 
621.2892270 
621.2833871 
621.2850779 
621.2802984 
621.2804518 
621.2763931 
621.2733044 
621.2700222 
621.2665161 
621.2627896 
621.2588482 
621.2515999 
621.2474533 
621.2425733 
621.2475233 
621.2330218 
621.2374093 
621.2227344 
621.2265852 
621.2117539 
621.2150970 
621.2001253 
621.2029875 
621.1878894 
621.1902998 
621.1750891 
621.1770777 
621.1617674 
621.1633665 
621.1479633 
621.1438351 
621.1448632 
621.1292790 
621.1299875 
621.1143561 
621.1147775 
621.0991073 
621.0992697 
621.0845868 
621.0788675 
621.0669681 
621.0630543 
621.0539261 
621.0472378 
621.0378234 
621.0298674 
621.0218335 
621.0137684 
621.0083471 
620.9949421 
620.9940288 
620.9785425 
620.9775450 
620.9621539 
620.9610905 
620.9458120 
620.9447001 
620.9312195 
620.9246951 
620.9159005 
620.9107677 
620.8976305 
620.8964639 
620.8836252 
620.8778092 
620.8679995 
620.8624994 
620.8528050 
620.8475261 
620.8351639 
620.8315430 
620.8231742 
620.8183843 
620.8065921 
620.8056724 
620.7955050 
620.7878489 
620.7830901 
620.7753335 
620.7677292 
620.7630718 
620.7556861 
620.7492669 
620.7430164 
620.7368719 
620.7308272 
620.7248830 
620.7190409 
620.7133024 
620.7076688 
620.7021414 
620.6967216 
620.6906725 
620.6853903 
620.6802475 
620.6752192 
620.6703045 
620.6655041 
620.6608184 
620.6562479 
620.6517929 
620.6474538 
620.6432306 
620.6391237 
620.6351329 
620.6312583 
620.6274998 
620.6238574 
620.6203307 
620.6154267 
620.6149188 
620.6109120 
620.6064090 
620.6062574 
620.6001404 
620.5982435 
620.5981813 
620.5943969 
620.5943811 
620.5907596 
620.5909047 
620.5874364 
620.5877391 
620.5843890 
620.5838069 
620.5817223 
620.5825569 
620.5790818 
620.5783793 
620.5769166 
620.5778199 
620.5748950 
620.5753475 
620.5729279 
620.5745974 
620.5731761 
620.5720653 
620.5729125 
620.5727473 
620.5719036 
620.5710724 
620.5713484 
620.5730317 
620.5722427 
620.5716253 
620.5734806 
620.5729554 
620.5719372 
620.5735345 
620.5737951 
620.5741284 
620.5747997 
620.5750952 
620.5752794 
620.5747408 
620.5763591 
620.5777983 
620.5779225 
620.5794611 
620.5791605 
620.5801556 
620.5814313 
620.5837048 
620.5846952 
620.5863845 
620.5877998 
620.5897402 
620.5896236 
[PHI]
9.0000000 
9.0000000 
9.0000000 
9.0000000 
9.0000000 
9.0000000 
9.0000000 
9.0000000 
9.0000000 
9.0000000 
9.0000000 
9.0000000 
9.0000000 
9.0000000 
9.0000000 
9.0000000 
9.0000000 
9.0000000 
9.0000000 
9.0000000 
9.0000000 
9.0000000 
9.0000000 
9.0000000 
9.0000000 
9.0000000 
9.0000000 
9.0000000 
9.0000000 
9.0000000 
9.0000000 
9.0000000 
9.0000000 
9.0000000 
9.0000000 
9.0000000 
9.0000000 
9.0000000 
9.0000000 
9.0000000 
9.0000000 
9.0000000 
9.0000000 
9.0000000 
9.0000000 
9.0000000 
9.0000000 
9.0000000 
9.0000000 
9.0000000 
9.0000000 
8.9968641 
8.9878155 
8.9728579 
8.9521317 
8.9258007 
8.8940103 
8.8568704 
8.8145344 
8.7671040 
8.7147840 
8.6576134 
8.5958202 
8.5295094 
8.4588386 
8.3839120 
8.3049095 
8.2219653 
8.1351934 
8.0447615 
7.9508099 
7.8534449 
7.7528383 
7.6491231 
7.5424154 
7.4328630 
7.3206390 
7.2057869 
7.0884951 
6.9689189 
6.8471117 
6.7232462 
6.5974449 
6.4698282 
6.3405298 
6.2096376 
6.0773007 
5.9436188 
5.8087133 
5.6726965 
5.5356706 
5.3977519 
5.2590434 
5.1196454 
4.9796672 
4.8392064 
4.6983560 
4.5572163 
4.4158794 
4.2744378 
4.1329785 
3.9915900 
3.8503566 
3.7093640 
3.5686885 
3.4284088 
3.2886121 
3.1493705 
3.0107578 
2.8728388 
2.7356878 
2.5993865 
2.4639753 
2.3295285 
2.1961080 
2.0637735 
1.9325831 
1.8025928 
1.6738570 
1.5464282 
1.4203572 
1.2956931 
1.1724818 
1.0507682 
0.9305956 
0.8120055 
0.6950376 
0.5797301 
0.4661194 
0.3542403 
0.2441259 
0.1358076 
0.0293156 
-0.0753219 
-0.1780789 
-0.2789267 
-0.3778289 
-0.4747995 
-0.5697914 
-0.6627543 
-0.7537319 
-0.8426939 
-0.9296139 
-1.0144789 
-1.0972834 
-1.1780357 
-1.2566748 
-1.3332239 
-1.4076961 
-1.4800628 
-1.5502795 
-1.6183344 
-1.6843252 
-1.7481996 
-1.8099605 
-1.8696057 
-1.9271383 
-1.9825649 
-2.0358881 
-2.0872004 
-2.1363396 
-2.1833583 
-2.2283445 
-2.2712715 
-2.3121503 
-2.3509930 
-2.3878128 
-2.4226236 
-2.4554404 
-2.4862789 
-2.5151555 
-2.5420876 
-2.5670932 
-2.5901912 
-2.6114010 
-2.6307430 
-2.6482380 
-2.6639076 
-2.6777739 
-2.6898599 
-2.7001582 
-2.7087555 
-2.7156672 
-2.7208579 
-2.7243707 
-2.7262520 
-2.7265294 
-2.7252287 
-2.7224327 
-2.7181167 
-2.7122822 
-2.7049707 
-2.6962057 
-2.6860223 
-2.6744990 
-2.6616227 
-2.6474221 
-2.6319367 
-2.6151937 
-2.5972221 
-2.5780534 
-2.5577187 
-2.5362490 
-2.5136757 
-2.4900302 
-2.4653441 
-2.4396489 
-2.4129763 
-2.3853578 
-2.3568255 
-2.3274108 
-2.2971457 
-2.2660611 
-2.2341889 
-2.2015609 
-2.1682092 
-2.1341669 
-2.0994659 
-2.0641368 
-2.0282017 
-1.9917012 
-1.9546644 
-1.9171206 
-1.8790984 
-1.8406204 
-1.8017242 
-1.7624394 
-1.7227951 
-1.6828208 
-1.6425477 
-1.6019970 
-1.5612011 
-1.5201879 
-1.4789848 
-1.4376190 
-1.3961174 
-1.3545065 
-1.3128123 
-1.2710607 
-1.2292771 
-1.1874865 
-1.1457135 
-1.1039823 
-1.0623168 
-1.0207403 
-0.9792713 
-0.9379402 
-0.8967652 
-0.8557684 
-0.8149632 
-0.7743830 
-0.7340447 
-0.6939655 
-0.6541652 
-0.6146636 
-0.5754781 
-0.5366274 
-0.4981297 
-0.4599988 
-0.4222381 
-0.3848900 
-0.3479583 
-0.3114582 
-0.2753851 
-0.2397859 
-0.2046597 
-0.1700200 
-0.1358787 
-0.1022478 
-0.0691386 
-0.0365621 
-0.0045286 
0.0269520 
0.0578704 
0.0882016 
0.1179690 
0.1471399 
0.1757163 
0.2036913 
0.2310585 
0.2578122 
0.2839466 
0.3094757 
0.3343405 
0.3585990 
0.3822099 
0.4051821 
0.4275097 
0.4491941 
0.4702509 
0.4906407 
0.5103989 
0.5294735 
0.5479088 
0.5656837 
0.5828186 
0.5993548 
0.6151856 
0.6303882 
0.6449383 
0.6588561 
0.6721318 
0.6847705 
0.6967773 
0.7081558 
0.7189100 
0.7290444 
0.7385636 
0.7474728 
0.7557772 
0.7634823 
0.7705941 
0.7771187 
0.7830624 
0.7884318 
0.7932338 
0.7974754 
0.8011639 
0.8043068 
0.8069118 
0.8089867 
0.8105397 
0.8115790 
0.8121126 
0.8121496 
0.8116984 
0.8107676 
0.8093697 
0.8075020 
0.8052003 
0.8024446 
0.7992596 
0.7956431 
0.7916296 
0.7872009 
0.7823887 
0.7771818 
0.7716108 
0.7656654 
0.7593753 
0.7527314 
0.7457624 
0.7384602 
0.7308525 
0.7229325 
0.7147266 
0.7062291 
0.6974660 
0.6884314 
0.6791508 
0.6696194 
0.6598614 
0.6498733 
0.6396779 
0.6292727 
0.6186793 
0.6078964 
0.5969441 
0.5858223 
0.5745497 
0.5631271 
0.5515721 
0.5398865 
0.5280864 
0.5161749 
0.5041647 
0.4920617 
0.4798784 
0.4676239 
0.4553037 
0.4429269 
0.4305030 
0.4180390 
0.4055445 
0.3930271 
0.3804940 
0.3679536 
0.3554134 
0.3428804 
0.3303630 
0.3178667 
0.3054008 
0.2929695 
0.2805827 
0.2682436 
0.2559625 
0.2437414 
0.2315913 
0.2195130 
0.2075179 
0.1956060 
0.1837888 
0.1720656 
0.1604480 
0.1489346 
0.1375369 
0.1262531 
0.1150946 
0.1040607 
0.0931591 
0.0823910 
0.0717633 
0.0612771 
0.0509387 
0.0407494 
0.0307147 
0.0208360 
0.0111180 
0.0015640 
-0.0078296 
-0.0170502 
-0.0261007 
-0.0349808 
-0.0436822 
-0.0522075 
-0.0605546 
-0.0687214 
-0.0767011 
-0.0845012 
-0.0921136 
-0.0995367 
-0.1067723 
-0.1138183 
-0.1206739 
-0.1273384 
-0.1338112 
-0.1400918 
-0.1461797 
-0.1520749 
-0.1577772 
-0.1632865 
-0.1686010 
-0.1737250 
-0.1786636 
-0.1834032 
-0.1879515 
-0.1923088 
-0.1964784 
-0.2004590 
-0.2042515 
-0.2078570 
-0.2112765 
-0.2145112 
-0.2175568 
-0.2204352 
-0.2231207 
-0.2256265 
-0.2279563 
-0.2301095 
-0.2320899 
-0.2338976 
-0.2355360 
-0.2370059 
-0.2383104 
-0.2394508 
-0.2404299 
-0.2412495 
-0.2419122 
-0.2424202 
-0.2427759 
-0.2429819 
-0.2430407 
-0.2429733 
-0.2427513 
-0.2423896 
-0.2418908 
-0.2412576 
-0.2404928 
-0.2395991 
-0.2385792 
-0.2374364 
-0.2361742 
-0.2347905 
-0.2332967 
-0.2316902 
-0.2299741 
-0.2281524 
-0.2262255 
-0.2241985 
-0.2220741 
-0.2198584 
-0.2175493 
-0.2151501 
-0.2126661 
-0.2100987 
-0.2074525 
-0.2047286 
-0.2019319 
-0.1990633 
-0.1961285 
-0.1931281 
-0.1900665 
-0.1869462 
-0.1837685 
-0.1805359 
-0.1772540 
-0.1739241 
-0.1705491 
-0.1671319 
-0.1636750 
-0.1601815 
-0.1566537 
-0.1530944 
-0.1495064 
-0.1458923 
-0.1422544 
-0.1385948 
-0.1349176 
-0.1312241 
-0.1275182 
-0.1238001 
-0.1200731 
-0.1163399 
-0.1126025 
-0.1088634 
-0.1051247 
-0.1013885 
-0.0976572 
-0.0939327 
-0.0902172 
-0.0865127 
-0.0828213 
-0.0791447 
-0.0754851 
-0.0718445 
-0.0682245 
-0.0646270 
-0.0610536 
-0.0575061 
-0.0539862 
-0.0504954 
-0.0470353 
-0.0436074 
-0.0402133 
-0.0368543 
-0.0335318 
-0.0302472 
-0.0270017 
-0.0237966 
-0.0206331 
-0.0175124 
-0.0144352 
-0.0114035 
-0.0084170 
-0.0054770 
-0.0025856 
0.0002581 
0.0030535 
0.0057994 
0.0084952 
0.0111405 
0.0137342 
0.0162759 
0.0187649 
0.0212005 
0.0235823 
0.0259095 
0.0281832 
0.0303992 
0.0325603 
0.0346650 
0.0367163 
0.0387087 
0.0406460 
0.0425272 
0.0443503 
0.0461151 
0.0478235 
0.0494754 
0.0510716 
0.0526094 
0.0540896 
0.0555133 
0.0568810 
0.0581906 
0.0594450 
0.0606420 
0.0617832 
0.0628700 
0.0639016 
0.0648781 
0.0657985 
0.0666673 
0.0674797 
0.0682376 
0.0689416 
0.0695931 
0.0701924 
0.0707408 
0.0712367 
0.0716836 
0.0720806 
0.0724287 
0.0727275 
0.0729796 
0.0731859 
0.0733447 
0.0734596 
0.0735300 
0.0735556 
[THETA]
8.0000000 
8.0000000 
8.0000000 
8.0000000 
8.0000000 
8.0000000 
8.0000000 
8.0000000 
8.0000000 
8.0000000 
8.0000000 
8.0000000 
8.0000000 
8.0000000 
8.0000000 
8.0000000 
8.0000000 
8.0000000 
8.0000000 
8.0000000 
8.0000000 
8.0000000 
8.0000000 
8.0000000 
8.0000000 
8.0000000 
8.0000000 
8.0000000 
8.0000000 
8.0000000 
8.0000000 
8.0000000 
8.0000000 
8.0000000 
8.0000000 
8.0000000 
8.0000000 
8.0000000 
8.0000000 
8.0000000 
8.0000000 
8.0000000 
8.0000000 
8.0000000 
8.0000000 
8.0000000 
8.0000000 
8.0000000 
8.0000000 
8.0000000 
8.0000000 
7.9972650 
7.9893715 
7.9763195 
7.9582270 
7.9352321 
7.9074558 
7.8749878 
7.8379548 
7.7964383 
7.7506096 
7.7004941 
7.6462834 
7.5880606 
7.5259554 
7.4600497 
7.3904935 
7.3173957 
7.2408477 
7.1609894 
7.0779361 
6.9917731 
6.9026455 
6.8106635 
6.7159226 
6.6185477 
6.5186883 
6.4163741 
6.3117696 
6.2050099 
6.0961352 
5.9852976 
5.8726034 
5.7581576 
5.6420789 
5.5244418 
5.4053817 
5.2849861 
5.1633647 
5.0406189 
4.9168408 
4.7921373 
4.6666025 
4.5403285 
4.4134176 
4.2859608 
4.1580439 
4.0297622 
3.9012022 
3.7724528 
3.6435950 
3.5147146 
3.3858930 
3.2572119 
3.1287464 
3.0005727 
2.8727740 
2.7454216 
2.6185879 
2.4923373 
2.3667423 
2.2418819 
2.1177990 
1.9945660 
1.8722443 
1.7508932 
1.6305707 
1.5113326 
1.3932331 
1.2763248 
1.1606582 
1.0462827 
0.9332441 
0.8215874 
0.7113559 
0.6025911 
0.4953328 
0.3896190 
0.2854862 
0.1829691 
0.0821006 
-0.0170881 
-0.1145669 
-0.2103079 
-0.3042853 
-0.3964710 
-0.4868297 
-0.5753736 
-0.6620576 
-0.7468339 
-0.8297428 
-0.9107555 
-0.9898468 
-1.0670044 
-1.1422228 
-1.2155100 
-1.2868087 
-1.3561408 
-1.4235188 
-1.4889163 
-1.5522919 
-1.6136348 
-1.6730375 
-1.7304515 
-1.7858801 
-1.8393221 
-1.8907810 
-1.9402638 
-1.9877741 
-2.0333990 
-2.0769878 
-2.1185906 
-2.1582909 
-2.1960646 
-2.2319231 
-2.2658788 
-2.2979451 
-2.3281361 
-2.3564668 
-2.3829530 
-2.4076113 
-2.4304589 
-2.4515138 
-2.4707946 
-2.4883208 
-2.5041124 
-2.5181898 
-2.5305745 
-2.5412880 
-2.5503529 
-2.5577635 
-2.5636015 
-2.5678820 
-2.5705737 
-2.5717177 
-2.5713580 
-2.5695213 
-2.5662328 
-2.5615695 
-2.5555102 
-2.5480574 
-2.5392506 
-2.5291127 
-2.5176771 
-2.5050168 
-2.4911213 
-2.4760180 
-2.4597443 
-2.4423263 
-2.4237919 
-2.4041709 
-2.3834929 
-2.3617876 
-2.3390848 
-2.3154143 
-2.2908061 
-2.2652900 
-2.2388961 
-2.2116544 
-2.1835949 
-2.1547476 
-2.1251425 
-2.0948090 
-2.0637770 
-2.0320766 
-1.9997378 
-1.9667917 
-1.9332682 
-1.8991961 
-1.8645966 
-1.8295073 
-1.7939555 
-1.7579685 
-1.7215733 
-1.6847916 
-1.6476581 
-1.6102002 
-1.5724450 
-1.5344200 
-1.4961538 
-1.4576671 
-1.4189895 
-1.3801468 
-1.3411643 
-1.3020674 
-1.2628807 
-1.2236288 
-1.1843358 
-1.1450254 
-1.1057209 
-1.0664455 
-1.0272216 
-0.9880715 
-0.9490170 
-0.9100794 
-0.8712745 
-0.8326322 
-0.7941680 
-0.7559020 
-0.7178451 
-0.6800299 
-0.6424709 
-0.6051831 
-0.5681848 
-0.5314935 
-0.4951252 
-0.4590964 
-0.4234236 
-0.3881189 
-0.3531838 
-0.3186592 
-0.2845469 
-0.2508604 
-0.2175939 
-0.1847919 
-0.1524523 
-0.1205869 
-0.0892060 
-0.0583201 
-0.0279391 
0.0019277 
0.0312714 
0.0600833 
0.0883556 
0.1160654 
0.1432359 
0.1698369 
0.1958711 
0.2213329 
0.2462169 
0.2705187 
0.2942334 
0.3173751 
0.3398888 
0.3618300 
0.3831603 
0.4038890 
0.4240112 
0.4435288 
0.4624570 
0.4807596 
0.4984704 
0.5155413 
0.5320142 
0.5478703 
0.5631289 
0.5778291 
0.5918720 
0.6053301 
0.6181813 
0.6304448 
0.6421121 
0.6531882 
0.6636786 
0.6735868 
0.6829171 
0.6916741 
0.6998625 
0.7074875 
0.7145542 
0.7210683 
0.7270356 
0.7324620 
0.7373539 
0.7417176 
0.7455598 
0.7488874 
0.7517075 
0.7540271 
0.7558538 
0.7571951 
0.7580587 
0.7584525 
0.7583842 
0.7578624 
0.7568951 
0.7554905 
0.7536602 
0.7514022 
0.7487493 
0.7456837 
0.7422281 
0.7383809 
0.7341736 
0.7295901 
0.7246595 
0.7193718 
0.7137551 
0.7078005 
0.7015349 
0.6949506 
0.6880736 
0.6808973 
0.6734466 
0.6657157 
0.6577289 
0.6494814 
0.6409965 
0.6322697 
0.6233238 
0.6141551 
0.6047855 
0.5952121 
0.5854556 
0.5755144 
0.5654077 
0.5551349 
0.5447142 
0.5341458 
0.5234466 
0.5126179 
0.5016754 
0.4906211 
0.4794696 
0.4682241 
0.4568959 
0.4454910 
0.4340204 
0.4224923 
0.4109123 
0.3992886 
0.3876297 
0.3759425 
0.3642354 
0.3525153 
0.3407892 
0.3290644 
0.3173482 
0.3056464 
0.2939673 
0.2823155 
0.2706999 
0.2591238 
0.2475970 
0.2361214 
0.2247074 
0.2133561 
0.2020779 
0.1908733 
0.1797530 
0.1687165 
0.1577747 
0.1469265 
0.1361829 
0.1255422 
0.1150152 
0.1045998 
0.0943067 
0.0841351 
0.0740920 
0.0641782 
0.0544002 
0.0447588 
0.0352598 
0.0259041 
0.0166969 
0.0076391 
-0.0012648 
-0.0100120 
-0.0186061 
-0.0270354 
-0.0353027 
-0.0434079 
-0.0513434 
-0.0591119 
-0.0667113 
-0.0741401 
-0.0813919 
-0.0884740 
-0.0953788 
-0.1021050 
-0.1086544 
-0.1150253 
-0.1212170 
-0.1272290 
-0.1330609 
-0.1387123 
-0.1441830 
-0.1494730 
-0.1545822 
-0.1595109 
-0.1642572 
-0.1688255 
-0.1732206 
-0.1774299 
-0.1814607 
-0.1853135 
-0.1889914 
-0.1924933 
-0.1958202 
-0.1989732 
-0.2019533 
-0.2047620 
-0.2073951 
-0.2098731 
-0.2121723 
-0.2143051 
-0.2162750 
-0.2180816 
-0.2197284 
-0.2212157 
-0.2225468 
-0.2237224 
-0.2247455 
-0.2256175 
-0.2263410 
-0.2269178 
-0.2273503 
-0.2276408 
-0.2277915 
-0.2278049 
-0.2276833 
-0.2274462 
-0.2270677 
-0.2265614 
-0.2259300 
-0.2251758 
-0.2243016 
-0.2233100 
-0.2222036 
-0.2209853 
-0.2196586 
-0.2182216 
-0.2166849 
-0.2150461 
-0.2133081 
-0.2114747 
-0.2095464 
-0.2075278 
-0.2054216 
-0.2032333 
-0.2009612 
-0.1986083 
-0.1961796 
-0.1936763 
-0.1911028 
-0.1884602 
-0.1857528 
-0.1829818 
-0.1801521 
-0.1772647 
-0.1743234 
-0.1713306 
-0.1682875 
-0.1651965 
-0.1620629 
-0.1588876 
-0.1556735 
-0.1524233 
-0.1491392 
-0.1458242 
-0.1424803 
-0.1391102 
-0.1357163 
-0.1323013 
-0.1288671 
-0.1254158 
-0.1219510 
-0.1184740 
-0.1149880 
-0.1114938 
-0.1079942 
-0.1044915 
-0.1009879 
-0.0974853 
-0.0939858 
-0.0904914 
-0.0870041 
-0.0835258 
-0.0800585 
-0.0766039 
-0.0731639 
-0.0697403 
-0.0663349 
-0.0629495 
-0.0595857 
-0.0562450 
-0.0529291 
-0.0496395 
-0.0463776 
-0.0431449 
-0.0399429 
-0.0367729 
-0.0336363 
-0.0305342 
-0.0274680 
-0.0244388 
-0.0214479 
-0.0184962 
-0.0155850 
-0.0127151 
-0.0098874 
-0.0071034 
-0.0043630 
-0.0016673 
0.0009819 
0.0035852 
0.0061425 
0.0086525 
0.0111147 
0.0135288 
0.0158938 
0.0182095 
0.0204751 
0.0226901 
0.0248542 
0.0269667 
0.0290286 
0.0310361 
0.0329918 
0.0348944 
0.0367466 
0.0385436 
0.0402887 
0.0419811 
0.0436192 
0.0452025 
0.0467330 
0.0482107 
0.0496362 
0.0510072 
0.0523244 
0.0535889 
0.0548012 
0.0559593 
0.0570661 
0.0581194 
0.0591209 
0.0600719 
0.0609715 
0.0618201 
0.0626167 
0.0633654 
0.0640618 
0.0647080 
0.0653041 
0.0658518 
0.0663513 
0.0668039 
0.0672079 
0.0675669 
0.0678799 
0.0681478 
0.0683705 
0.0685502 
0.0686878 
0.0687818 
0.0688356 
0.0688486 
0.0688206 
[PSI]
7.0000000 
7.0000000 
7.0000000 
7.0000000 
7.0000000 
7.0000000 
7.0000000 
7.0000000 
7.0000000 
7.0000000 
7.0000000 
7.0000000 
7.0000000 
7.0000000 
7.0000000 
7.0000000 
7.0000000 
7.0000000 
7.0000000 
7.0000000 
7.0000000 
7.0000000 
7.0000000 
7.0000000 
7.0000000 
7.0000000 
7.0000000 
7.0000000 
7.0000000 
7.0000000 
7.0000000 
7.0000000 
7.0000000 
7.0000000 
7.0000000 
7.0000000 
7.0000000 
7.0000000 
7.0000000 
7.0000000 
7.0000000 
7.0000000 
7.0000000 
7.0000000 
7.0000000 
7.0000000 
7.0000000 
7.0000000 
7.0000000 
7.0000000 
7.0000000 
6.9973676 
6.9897762 
6.9772368 
6.9598762 
6.9378422 
6.9112671 
6.8802549 
6.8449463 
6.8054400 
6.7619199 
6.7144340 
6.6631856 
6.6082777 
6.5498560 
6.4880233 
6.4229430 
6.3547415 
6.2835296 
6.2094597 
6.1326622 
6.0532412 
5.9713503 
5.8871127 
5.8006388 
5.7120617 
5.6215315 
5.5291026 
5.4349365 
5.3391666 
5.2418542 
5.1431451 
5.0431475 
4.9419673 
4.8397178 
4.7364820 
4.6323800 
4.5275006 
4.4219438 
4.3158029 
4.2091650 
4.1021225 
3.9947599 
3.8871593 
3.7794040 
3.6715708 
3.5637354 
3.4559722 
3.3483527 
3.2409420 
3.1338119 
3.0270226 
2.9206336 
2.8147100 
2.7093006 
2.6044609 
2.5002565 
2.3967326 
2.2939386 
2.1919143 
2.0907102 
1.9903833 
1.8909490 
1.7924576 
1.6949463 
1.5984509 
1.5030050 
1.4086409 
1.3153891 
1.2232787 
1.1323371 
1.0425905 
0.9540624 
0.8667754 
0.7807510 
0.6960093 
0.6125690 
0.5304478 
0.4496619 
0.3702266 
0.2921558 
0.2154624 
0.1401584 
0.0662547 
-0.0062395 
-0.0773128 
-0.1469478 
-0.2151643 
-0.2819366 
-0.3472369 
-0.4111054 
-0.4735281 
-0.5344936 
-0.5940004 
-0.6520513 
-0.7086591 
-0.7637873 
-0.8174586 
-0.8696877 
-0.9204604 
-0.9697515 
-1.0175581 
-1.0639521 
-1.1089018 
-1.1524136 
-1.1944899 
-1.2351364 
-1.2743608 
-1.3121682 
-1.3486235 
-1.3836202 
-1.4171964 
-1.4494131 
-1.4802542 
-1.5097286 
-1.5378460 
-1.5646163 
-1.5900498 
-1.6141572 
-1.6369495 
-1.6584381 
-1.6786346 
-1.6975511 
-1.7151999 
-1.7315936 
-1.7467452 
-1.7606679 
-1.7733752 
-1.7848809 
-1.7951992 
-1.8043237 
-1.8123112 
-1.8191703 
-1.8248758 
-1.8294546 
-1.8329360 
-1.8353366 
-1.8366718 
-1.8369954 
-1.8362884 
-1.8345497 
-1.8318047 
-1.8280671 
-1.8233581 
-1.8177289 
-1.8111680 
-1.8036922 
-1.7953262 
-1.7860857 
-1.7759882 
-1.7650525 
-1.7532973 
-1.7407415 
-1.7274041 
-1.7133041 
-1.6984608 
-1.6828935 
-1.6666215 
-1.6496645 
-1.6320420 
-1.6137738 
-1.5948796 
-1.5753789 
-1.5552917 
-1.5346380 
-1.5134383 
-1.4917139 
-1.4694853 
-1.4467722 
-1.4235875 
-1.3999590 
-1.3759053 
-1.3514457 
-1.3265986 
-1.3013776 
-1.2758091 
-1.2499125 
-1.2237074 
-1.1972137 
-1.1704533 
-1.1434387 
-1.1161932 
-1.0887357 
-1.0610852 
-1.0332605 
-1.0052803 
-0.9771632 
-0.9489274 
-0.9205913 
-0.8921728 
-0.8636898 
-0.8351598 
-0.8066005 
-0.7780288 
-0.7494620 
-0.7209155 
-0.6924078 
-0.6639542 
-0.6355710 
-0.6072704 
-0.5790734 
-0.5509940 
-0.5230460 
-0.4952442 
-0.4676035 
-0.4401375 
-0.4128603 
-0.3857859 
-0.3589258 
-0.3322848 
-0.3058913 
-0.2797505 
-0.2538745 
-0.2282631 
-0.2029476 
-0.1779304 
-0.1532221 
-0.1288327 
-0.1047719 
-0.0810492 
-0.0576737 
-0.0346540 
-0.0119986 
0.0102846 
0.0321773 
0.0536932 
0.0748091 
0.0955245 
0.1158333 
0.1357297 
0.1552084 
0.1742641 
0.1929051 
0.2110895 
0.2288561 
0.2461751 
0.2630515 
0.2794801 
0.2954609 
0.3110036 
0.3260797 
0.3407132 
0.3548664 
0.3685696 
0.3818071 
0.3945924 
0.4069542 
0.4188159 
0.4302315 
0.4411831 
0.4516843 
0.4617277 
0.4713159 
0.4804524 
0.4891388 
0.4973776 
0.5051715 
0.5125234 
0.5194363 
0.5259137 
0.5319592 
0.5375764 
0.5427695 
0.5475427 
0.5519004 
0.5558472 
0.5593879 
0.5625274 
0.5652709 
0.5676237 
0.5695913 
0.5711792 
0.5723932 
0.5732391 
0.5737230 
0.5738510 
0.5736291 
0.5730663 
0.5721603 
0.5709373 
0.5693822 
0.5675132 
0.5653284 
0.5628528 
0.5600731 
0.5570123 
0.5536621 
0.5500447 
0.5461525 
0.5420070 
0.5376016 
0.5329570 
0.5280673 
0.5229527 
0.5176080 
0.5120526 
0.5062820 
0.5003153 
0.4941480 
0.4877988 
0.4812639 
0.4745612 
0.4676877 
0.4606602 
0.4534768 
0.4461531 
0.4386881 
0.4310966 
0.4233780 
0.4155464 
0.4076019 
0.3995575 
0.3914143 
0.3831840 
0.3748689 
0.3664779 
0.3580155 
0.3494906 
0.3409099 
0.3322772 
0.3235990 
0.3148822 
0.3061318 
0.2973548 
0.2885567 
0.2797424 
0.2709182 
0.2620892 
0.2532608 
0.2444386 
0.2356271 
0.2268323 
0.2180577 
0.2093102 
0.2005921 
0.1919107 
0.1832677 
0.1746706 
0.1661204 
0.1576248 
0.1491842 
0.1408064 
0.1324914 
0.1242470 
0.1160727 
0.1079763 
0.0999568 
0.0920221 
0.0841719 
0.0764116 
0.0687422 
0.0611685 
0.0536915 
0.0463155 
0.0390415 
0.0318735 
0.0248124 
0.0178618 
0.0110238 
0.0042962 
-0.0023123 
-0.0088036 
-0.0151774 
-0.0214279 
-0.0275567 
-0.0335624 
-0.0394434 
-0.0451950 
-0.0508222 
-0.0563194 
-0.0616854 
-0.0669212 
-0.0720255 
-0.0769975 
-0.0818368 
-0.0865427 
-0.0911149 
-0.0955531 
-0.0998570 
-0.1040265 
-0.1080614 
-0.1119604 
-0.1157265 
-0.1193630 
-0.1228605 
-0.1262242 
-0.1294543 
-0.1325529 
-0.1355192 
-0.1383536 
-0.1410567 
-0.1436294 
-0.1460724 
-0.1483825 
-0.1505749 
-0.1526316 
-0.1545618 
-0.1563680 
-0.1580497 
-0.1596094 
-0.1610471 
-0.1623652 
-0.1635642 
-0.1646461 
-0.1656118 
-0.1664631 
-0.1672012 
-0.1678279 
-0.1683448 
-0.1687532 
-0.1690551 
-0.1692521 
-0.1693591 
-0.1693557 
-0.1692524 
-0.1690511 
-0.1687535 
-0.1683616 
-0.1678771 
-0.1673020 
-0.1666384 
-0.1658889 
-0.1650517 
-0.1641351 
-0.1631370 
-0.1620595 
-0.1609054 
-0.1596751 
-0.1583718 
-0.1569976 
-0.1555568 
-0.1540477 
-0.1524726 
-0.1508354 
-0.1491368 
-0.1473801 
-0.1455661 
-0.1436982 
-0.1417770 
-0.1398065 
-0.1377871 
-0.1357218 
-0.1336126 
-0.1314600 
-0.1292659 
-0.1270345 
-0.1247664 
-0.1224637 
-0.1201285 
-0.1177625 
-0.1153680 
-0.1129465 
-0.1105000 
-0.1080304 
-0.1055398 
-0.1030295 
-0.1005011 
-0.0979577 
-0.0954001 
-0.0928312 
-0.0902509 
-0.0876616 
-0.0850652 
-0.0824634 
-0.0798577 
-0.0772497 
-0.0746410 
-0.0720331 
-0.0694276 
-0.0668260 
-0.0642296 
-0.0616401 
-0.0590587 
-0.0564869 
-0.0539262 
-0.0513778 
-0.0488430 
-0.0463231 
-0.0438193 
-0.0413328 
-0.0388648 
-0.0364165 
-0.0339889 
-0.0315831 
-0.0292003 
-0.0268414 
-0.0245074 
-0.0221992 
-0.0199179 
-0.0176643 
-0.0154391 
-0.0132432 
-0.0110778 
-0.0089429 
-0.0068393 
-0.0047686 
-0.0027303 
-0.0007248 
0.0012470 
0.0031846 
0.0050877 
0.0069554 
0.0087875 
0.0105834 
0.0123426 
0.0140647 
0.0157492 
0.0173967 
0.0190042 
0.0205738 
0.0221043 
0.0235977 
0.0250502 
0.0264643 
0.0278393 
0.0291739 
0.0304677 
0.0317222 
0.0329372 
0.0341131 
0.0352482 
0.0363428 
0.0373978 
0.0384135 
0.0393883 
0.0403243 
0.0412198 
0.0420760 
0.0428938 
0.0436726 
0.0444125 
0.0451127 
0.0457764 
0.0464001 
0.0469853 
0.0475322 
0.0480417 
0.0485143 
0.0489506 
0.0493496 
0.0497137 
0.0500421 
0.0503358 
0.0505942 
0.0508193 
0.0510116 
0.0511699 
0.0512969 
0.0513919 
0.0514548 
[X]
0.0000000 
0.0000774 
0.0003109 
0.0006975 
0.0012363 
0.0019266 
0.0027674 
0.0037581 
0.0048978 
0.0061858 
0.0076212 
0.0092032 
0.0109311 
0.0128042 
0.0148215 
0.0169824 
0.0192861 
0.0217318 
0.0243188 
0.0270463 
0.0299136 
0.0329199 
0.0360645 
0.0393467 
0.0427656 
0.0463207 
0.0500111 
0.0538361 
0.0577951 
0.0618873 
0.0661120 
0.0704685 
0.0749561 
0.0795741 
0.0843218 
0.0891985 
0.0942036 
0.0993362 
0.1045959 
0.1099818 
0.1154934 
0.1211299 
0.1268906 
0.1327750 
0.1387824 
0.1449121 
0.1511634 
0.1575357 
0.1640284 
0.1706408 
0.1773723 
0.1842106 
0.1911450 
0.1981772 
0.2053069 
0.2125332 
0.2198554 
0.2272733 
0.2347859 
0.2423932 
0.2500929 
0.2578861 
0.2657700 
0.2737440 
0.2818068 
0.2899576 
0.2981943 
0.3065156 
0.3149205 
0.3234068 
0.3319726 
0.3406172 
0.3493378 
0.3581327 
0.3670004 
0.3759387 
0.3849447 
0.3940182 
0.4031559 
0.4123550 
0.4216150 
0.4309328 
0.4403060 
0.4497325 
0.4592097 
0.4687360 
0.4783083 
0.4879247 
0.4975825 
0.5072794 
0.5170132 
0.5267812 
0.5365811 
0.5464106 
0.5562670 
0.5661480 
0.5760515 
0.5859747 
0.5959153 
0.6058709 
0.6158393 
0.6258179 
0.6358045 
0.6457968 
0.6557923 
0.6657888 
0.6757840 
0.6857757 
0.6957615 
0.7057393 
0.7157070 
0.7256621 
0.7356030 
0.7455272 
0.7554329 
0.7653178 
0.7751801 
0.7850178 
0.7948288 
0.8046113 
0.8143634 
0.8240833 
0.8337692 
0.8434193 
0.8530319 
0.8626052 
0.8721378 
0.8816279 
0.8910739 
0.9004744 
0.9098278 
0.9191327 
0.9283877 
0.9375914 
0.9467424 
0.9558394 
0.9648807 
0.9738662 
0.9827938 
0.9916616 
1.0004702 
1.0092182 
1.0179043 
1.0265274 
1.0350868 
1.0435823 
1.0520113 
1.0603740 
1.0686702 
1.0768986 
1.0850569 
1.0931443 
1.1011634 
1.1091119 
1.1169893 
1.1247950 
1.1325285 
1.1401894 
1.1477772 
1.1552946 
1.1627352 
1.1701003 
1.1773926 
1.1846102 
1.1917531 
1.1988210 
1.2058139 
1.2127315 
1.2195738 
1.2263408 
1.2330325 
1.2396488 
1.2461898 
1.2526556 
1.2590463 
1.2653619 
1.2716027 
1.2777688 
1.2838604 
1.2898777 
1.2958198 
1.3016894 
1.3074867 
1.3132093 
1.3188582 
1.3244348 
1.3299393 
1.3353723 
1.3407367 
1.3460305 
1.3512530 
1.3564054 
1.3614878 
1.3665010 
1.3714481 
1.3763273 
1.3811394 
1.3858852 
1.3905654 
1.3951803 
1.3997308 
1.4042174 
1.4086409 
1.4130018 
1.4173010 
1.4215390 
1.4257167 
1.4298347 
1.4338939 
1.4378949 
1.4418385 
1.4457255 
1.4495567 
1.4533328 
1.4570546 
1.4607231 
1.4643391 
1.4679035 
1.4714169 
1.4748794 
1.4782929 
1.4816582 
1.4849758 
1.4882466 
1.4914706 
1.4946494 
1.4977839 
1.5008749 
1.5039233 
1.5069304 
1.5098960 
1.5128215 
1.5157077 
1.5185554 
1.5213656 
1.5241391 
1.5268767 
1.5295792 
1.5322475 
1.5348824 
1.5374847 
1.5400553 
1.5425949 
1.5451044 
1.5475846 
1.5500371 
1.5524611 
1.5548582 
1.5572291 
1.5595754 
1.5618964 
1.5641935 
1.5664676 
1.5687194 
1.5709496 
1.5731590 
1.5753483 
1.5775181 
1.5796692 
1.5818030 
1.5839188 
1.5860179 
1.5881011 
1.5901695 
1.5922227 
1.5942618 
1.5962875 
1.5983004 
1.6003010 
1.6022901 
1.6042681 
1.6062357 
1.6081933 
1.6101416 
1.6120809 
1.6140120 
1.6159353 
1.6178512 
1.6197604 
1.6216632 
1.6235602 
1.6254517 
1.6273384 
1.6292203 
1.6310982 
1.6329723 
1.6348430 
1.6367107 
1.6385758 
1.6404387 
1.6422996 
1.6441589 
1.6460169 
1.6478739 
1.6497302 
1.6515860 
1.6534417 
1.6552975 
1.6571536 
1.6590104 
1.6608679 
1.6627264 
1.6645861 
1.6664472 
1.6683098 
1.6701742 
1.6720404 
1.6739087 
1.6757791 
1.6776517 
1.6795268 
1.6814043 
1.6832844 
1.6851671 
1.6870525 
1.6889407 
1.6908318 
1.6927257 
1.6946225 
1.6965222 
1.6984248 
1.7003305 
1.7022390 
1.7041505 
1.7060649 
1.7079822 
1.7099024 
1.7118254 
1.7137511 
1.7156795 
1.7176107 
1.7195444 
1.7214806 
1.7234192 
1.7253602 
1.7273034 
1.7292487 
1.7311961 
1.7331455 
1.7350966 
1.7370495 
1.7390040 
1.7409599 
1.7429171 
1.7448755 
1.7468349 
1.7487953 
1.7507563 
1.7527180 
1.7546801 
1.7566425 
1.7586050 
1.7605675 
1.7625297 
1.7644916 
1.7664529 
1.7684135 
1.7703732 
1.7723318 
1.7742892 
1.7762451 
1.7781994 
1.7801519 
1.7821025 
1.7840508 
1.7859969 
1.7879403 
1.7898810 
1.7918190 
1.7937538 
1.7956853 
1.7976134 
1.7995378 
1.8014584 
1.8033751 
1.8052874 
1.8071956 
1.8090990 
1.8109979 
1.8128918 
1.8147807 
1.8166643 
1.8185426 
1.8204151 
1.8222821 
1.8241429 
1.8259979 
1.8278463 
1.8296886 
1.8315242 
1.8333532 
1.8351751 
1.8369902 
1.8387979 
1.8405985 
1.8423914 
1.8441769 
1.8459545 
1.8477242 
1.8494859 
1.8512395 
1.8529848 
1.8547217 
1.8564501 
1.8581699 
1.8598809 
1.8615831 
1.8632763 
1.8649603 
1.8666355 
1.8683012 
1.8699575 
1.8716045 
1.8732418 
1.8748696 
1.8764878 
1.8780962 
1.8796946 
1.8812833 
1.8828619 
1.8844303 
1.8859887 
1.8875368 
1.8890748 
1.8906024 
1.8921197 
1.8936266 
1.8951231 
1.8966092 
1.8980847 
1.8995498 
1.9010041 
1.9024480 
1.9038817 
1.9053044 
1.9067165 
1.9081179 
1.9095088 
1.9108890 
1.9122586 
1.9136176 
1.9149659 
1.9163035 
1.9176302 
1.9189472 
1.9202528 
1.9215478 
1.9228323 
1.9241062 
1.9253697 
1.9266226 
1.9278652 
1.9290973 
1.9303190 
1.9315304 
1.9327315 
1.9339223 
1.9351029 
1.9362734 
1.9374338 
1.9385841 
1.9397244 
1.9408558 
1.9419762 
1.9430869 
1.9441877 
1.9452789 
1.9463604 
1.9474324 
1.9484949 
1.9495479 
1.9505917 
1.9516260 
1.9526513 
1.9536675 
1.9546746 
1.9556728 
1.9566619 
1.9576421 
1.9586137 
1.9595769 
1.9605313 
1.9614771 
1.9624146 
1.9633436 
1.9642646 
1.9651772 
1.9660820 
1.9669786 
1.9678676 
1.9687488 
1.9696223 
1.9704884 
1.9713467 
1.9721975 
1.9730411 
1.9738775 
1.9747068 
1.9755290 
1.9763442 
1.9771526 
1.9779542 
1.9787492 
1.9795375 
1.9803194 
1.9810948 
1.9818637 
1.9826267 
1.9833836 
1.9841348 
1.9848796 
1.9856185 
1.9863516 
1.9870792 
1.9878012 
1.9885177 
1.9892287 
1.9899345 
1.9906350 
1.9913304 
1.9920208 
1.9927062 
1.9933866 
1.9940623 
1.9947332 
1.9953995 
1.9960612 
1.9967185 
1.9973713 
1.9980199 
1.9986642 
1.9993043 
1.9999404 
2.0005724 
2.0012005 
2.0018248 
2.0024453 
2.0030620 
2.0036752 
2.0042847 
2.0048907 
2.0054933 
2.0060925 
2.0066884 
2.0072811 
2.0078706 
2.0084570 
2.0090404 
2.0096207 
2.0101982 
2.0107727 
2.0113444 
2.0119134 
2.0124796 
2.0130431 
2.0136041 
2.0141625 
2.0147185 
2.0152719 
2.0158229 
2.0163716 
2.0169180 
2.0174621 
2.0180039 
2.0185436 
2.0190811 
2.0196165 
2.0201498 
2.0206810 
2.0212103 
2.0217376 
2.0222629 
2.0227864 
2.0233080 
2.0238277 
2.0243456 
2.0248618 
2.0253761 
2.0258888 
2.0263998 
2.0269091 
2.0274167 
2.0279228 
2.0284272 
2.0289299 
2.0294312 
2.0299308 
2.0304290 
2.0309256 
2.0314207 
2.0319144 
2.0324065 
2.0328973 
2.0333865 
2.0338743 
2.0343608 
2.0348458 
2.0353294 
2.0358116 
2.0362924 
[Y]
0.0000000 
-0.0000690 
-0.0002770 
-0.0006213 
-0.0011013 
-0.0017162 
-0.0024652 
-0.0033477 
-0.0043629 
-0.0055102 
-0.0067888 
-0.0081981 
-0.0097373 
-0.0114057 
-0.0132027 
-0.0151276 
-0.0171797 
-0.0193583 
-0.0216628 
-0.0240924 
-0.0266465 
-0.0293245 
-0.0321256 
-0.0350493 
-0.0380949 
-0.0412616 
-0.0445490 
-0.0479563 
-0.0514829 
-0.0551281 
-0.0588914 
-0.0627721 
-0.0667696 
-0.0708832 
-0.0751124 
-0.0794565 
-0.0839149 
-0.0884870 
-0.0931722 
-0.0979699 
-0.1028795 
-0.1079004 
-0.1130319 
-0.1182737 
-0.1236249 
-0.1290851 
-0.1346537 
-0.1403300 
-0.1461136 
-0.1520038 
-0.1580001 
-0.1640915 
-0.1702686 
-0.1765328 
-0.1828840 
-0.1893213 
-0.1958443 
-0.2024529 
-0.2091462 
-0.2159244 
-0.2227857 
-0.2297311 
-0.2367582 
-0.2438669 
-0.2510559 
-0.2583249 
-0.2656722 
-0.2730968 
-0.2805981 
-0.2881742 
-0.2958239 
-0.3035466 
-0.3113400 
-0.3192030 
-0.3271344 
-0.3351324 
-0.3431947 
-0.3513215 
-0.3595098 
-0.3677575 
-0.3760645 
-0.3844280 
-0.3928462 
-0.4013174 
-0.4098393 
-0.4184110 
-0.4270297 
-0.4356938 
-0.4444012 
-0.4531498 
-0.4619380 
-0.4707633 
-0.4796239 
-0.4885178 
-0.4974426 
-0.5063964 
-0.5153773 
-0.5243828 
-0.5334111 
-0.5424598 
-0.5515271 
-0.5606107 
-0.5697084 
-0.5788182 
-0.5879379 
-0.5970654 
-0.6061986 
-0.6153354 
-0.6244735 
-0.6336110 
-0.6427457 
-0.6518755 
-0.6609985 
-0.6701125 
-0.6792156 
-0.6883057 
-0.6973808 
-0.7064389 
-0.7154781 
-0.7244963 
-0.7334918 
-0.7424626 
-0.7514068 
-0.7603225 
-0.7692081 
-0.7780616 
-0.7868813 
-0.7956654 
-0.8044124 
-0.8131204 
-0.8217879 
-0.8304131 
-0.8389946 
-0.8475309 
-0.8560202 
-0.8644613 
-0.8728521 
-0.8811922 
-0.8894796 
-0.8977121 
-0.9058900 
-0.9140117 
-0.9220757 
-0.9300808 
-0.9380260 
-0.9459107 
-0.9537324 
-0.9614910 
-0.9691860 
-0.9768158 
-0.9843782 
-0.9918720 
-0.9992994 
-1.0066582 
-1.0139476 
-1.0211668 
-1.0283150 
-1.0353917 
-1.0423962 
-1.0493309 
-1.0561894 
-1.0629727 
-1.0696833 
-1.0763193 
-1.0828804 
-1.0893661 
-1.0957763 
-1.1021106 
-1.1083688 
-1.1145508 
-1.1206564 
-1.1266854 
-1.1326379 
-1.1385137 
-1.1443129 
-1.1500354 
-1.1556814 
-1.1612508 
-1.1667439 
-1.1721608 
-1.1775004 
-1.1827654 
-1.1879560 
-1.1930697 
-1.1981074 
-1.2030705 
-1.2079593 
-1.2127741 
-1.2175180 
-1.2221891 
-1.2267864 
-1.2313112 
-1.2357636 
-1.2401444 
-1.2444567 
-1.2486988 
-1.2528714 
-1.2569755 
-1.2610116 
-1.2649803 
-1.2688823 
-1.2727183 
-1.2764889 
-1.2801950 
-1.2838372 
-1.2874164 
-1.2909333 
-1.2943888 
-1.2977835 
-1.3011184 
-1.3043943 
-1.3076119 
-1.3107723 
-1.3138761 
-1.3169244 
-1.3199180 
-1.3228580 
-1.3257453 
-1.3285805 
-1.3313640 
-1.3340976 
-1.3367821 
-1.3394184 
-1.3420072 
-1.3445488 
-1.3470448 
-1.3494961 
-1.3519038 
-1.3542687 
-1.3565923 
-1.3588743 
-1.3611164 
-1.3633194 
-1.3654843 
-1.3676120 
-1.3697034 
-1.3717595 
-1.3737812 
-1.3757694 
-1.3777250 
-1.3796489 
-1.3815421 
-1.3834053 
-1.3852396 
-1.3870457 
-1.3888253 
-1.3905778 
-1.3923049 
-1.3940073 
-1.3956865 
-1.3973421 
-1.3989755 
-1.4005877 
-1.4021793 
-1.4037513 
-1.4053043 
-1.4068392 
-1.4083567 
-1.4098576 
-1.4113432 
-1.4128132 
-1.4142687 
-1.4157106 
-1.4171399 
-1.4185565 
-1.4199614 
-1.4213554 
-1.4227391 
-1.4241132 
-1.4254782 
-1.4268348 
-1.4281836 
-1.4295251 
-1.4308601 
-1.4321888 
-1.4335121 
-1.4348304 
-1.4361442 
-1.4374541 
-1.4387605 
-1.4400639 
-1.4413649 
-1.4426639 
-1.4439611 
-1.4452573 
-1.4465527 
-1.4478477 
-1.4491428 
-1.4504383 
-1.4517346 
-1.4530320 
-1.4543308 
-1.4556315 
-1.4569343 
-1.4582395 
-1.4595474 
-1.4608581 
-1.4621722 
-1.4634898 
-1.4648111 
-1.4661363 
-1.4674657 
-1.4687995 
-1.4701378 
-1.4714808 
-1.4728286 
-1.4741816 
-1.4755397 
-1.4769031 
-1.4782719 
-1.4796463 
-1.4810262 
-1.4824120 
-1.4838035 
-1.4852009 
-1.4866042 
-1.4880134 
-1.4894287 
-1.4908500 
-1.4922774 
-1.4937109 
-1.4951504 
-1.4965959 
-1.4980476 
-1.4995052 
-1.5009688 
-1.5024384 
-1.5039138 
-1.5053952 
-1.5068821 
-1.5083749 
-1.5098733 
-1.5113774 
-1.5128866 
-1.5144014 
-1.5159213 
-1.5174465 
-1.5189766 
-1.5205117 
-1.5220514 
-1.5235959 
-1.5251448 
-1.5266983 
-1.5282558 
-1.5298175 
-1.5313830 
-1.5329523 
-1.5345252 
-1.5361015 
-1.5376811 
-1.5392638 
-1.5408493 
-1.5424376 
-1.5440284 
-1.5456216 
-1.5472170 
-1.5488143 
-1.5504134 
-1.5520142 
-1.5536162 
-1.5552195 
-1.5568238 
-1.5584289 
-1.5600346 
-1.5616407 
-1.5632469 
-1.5648532 
-1.5664592 
-1.5680648 
-1.5696698 
-1.5712739 
-1.5728770 
-1.5744788 
-1.5760791 
-1.5776779 
-1.5792747 
-1.5808695 
-1.5824620 
-1.5840521 
-1.5856395 
-1.5872241 
-1.5888055 
-1.5903838 
-1.5919585 
-1.5935297 
-1.5950969 
-1.5966603 
-1.5982193 
-1.5997741 
-1.6013241 
-1.6028696 
-1.6044100 
-1.6059454 
-1.6074754 
-1.6090001 
-1.6105191 
-1.6120324 
-1.6135396 
-1.6150408 
-1.6165357 
-1.6180243 
-1.6195062 
-1.6209815 
-1.6224499 
-1.6239114 
-1.6253657 
-1.6268128 
-1.6282525 
-1.6296846 
-1.6311094 
-1.6325261 
-1.6339351 
-1.6353362 
-1.6367290 
-1.6381138 
-1.6394902 
-1.6408584 
-1.6422179 
-1.6435690 
-1.6449114 
-1.6462450 
-1.6475698 
-1.6488856 
-1.6501924 
-1.6514902 
-1.6527789 
-1.6540584 
-1.6553287 
-1.6565896 
-1.6578412 
-1.6590834 
-1.6603161 
-1.6615394 
-1.6627535 
-1.6639577 
-1.6651523 
-1.6663374 
-1.6675129 
-1.6686787 
-1.6698349 
-1.6709815 
-1.6721183 
-1.6732455 
-1.6743626 
-1.6754708 
-1.6765687 
-1.6776569 
-1.6787355 
-1.6798044 
-1.6808636 
-1.6819132 
-1.6829533 
-1.6839837 
-1.6850046 
-1.6860159 
-1.6870178 
-1.6880102 
-1.6889932 
-1.6899668 
-1.6909310 
-1.6918860 
-1.6928318 
-1.6937692 
-1.6946966 
-1.6956149 
-1.6965242 
-1.6974245 
-1.6983158 
-1.6991983 
-1.7000720 
-1.7009370 
-1.7017935 
-1.7026410 
-1.7034804 
-1.7043113 
-1.7051338 
-1.7059480 
-1.7067538 
-1.7075515 
-1.7083411 
-1.7091230 
-1.7098969 
-1.7106627 
-1.7114209 
-1.7121713 
-1.7129143 
-1.7136497 
-1.7143777 
-1.7150984 
-1.7158120 
-1.7165184 
-1.7172178 
-1.7179104 
-1.7185959 
-1.7192745 
-1.7199466 
-1.7206122 
-1.7212711 
-1.7219237 
-1.7225700 
-1.7232101 
-1.7238440 
-1.7244719 
-1.7250938 
-1.7257100 
-1.7263203 
-1.7269247 
-1.7275239 
-1.7281175 
-1.7287061 
-1.7292890 
-1.7298667 
-1.7304392 
-1.7310068 
-1.7315695 
-1.7321273 
-1.7326804 
-1.7332287 
-1.7337726 
-1.7343119 
-1.7348468 
-1.7353775 
-1.7359039 
-1.7364261 
-1.7369442 
-1.7374584 
-1.7379687 
-1.7384751 
-1.7389778 
-1.7394769 
-1.7399724 
-1.7404644 
-1.7409530 
-1.7414383 
-1.7419203 
-1.7423991 
-1.7428748 
-1.7433474 
-1.7438171 
-1.7442839 
-1.7447478 
-1.7452090 
-1.7456675 
-1.7461233 
-1.7465766 
-1.7470274 
-1.7474757 
-1.7479218 
-1.7483654 
-1.7488069 
-1.7492461 
-1.7496832 
-1.7501181 
-1.7505511 
-1.7509821 
-1.7514111 
-1.7518383 
-1.7522637 
-1.7526872 
-1.7531090 
-1.7535292 
-1.7539478 
-1.7543647 
-1.7547801 
-1.7551939 
-1.7556063 
-1.7560172 
-1.7564268 
-1.7568350 
-1.7572418 
-1.7576474 
-1.7580517 
-1.7584547 
-1.7588566 
-1.7592573 
-1.7596569 
-1.7600553 
-1.7604526 
-1.7608489 
-1.7612442 
-1.7616385 
-1.7620318 
-1.7624241 
-1.7628154 
-1.7632058 
-1.7635953 
-1.7639839 
-1.7643717 
-1.7647585 
-1.7651445 
-1.7655297 
-1.7659140 
-1.7662975 
-1.7666802 
-1.7670622 
-1.7674433 
-1.7678237 
-1.7682033 
-1.7685821 
-1.7689602 
[Z]
1.0000000 
0.9999961 
0.9999841 
0.9999644 
0.9999370 
0.9999018 
0.9998589 
0.9998084 
0.9997503 
0.9996846 
0.9996115 
0.9995308 
0.9994427 
0.9993472 
0.9992444 
0.9991342 
0.9990168 
0.9988921 
0.9987602 
0.9986212 
0.9984750 
0.9983217 
0.9981614 
0.9979941 
0.9978198 
0.9976385 
0.9974504 
0.9972554 
0.9970535 
0.9968449 
0.9966295 
0.9964074 
0.9961787 
0.9959432 
0.9957012 
0.9954526 
0.9951974 
0.9949357 
0.9946676 
0.9943930 
0.9941120 
0.9938247 
0.9935310 
0.9932310 
0.9929247 
0.9926122 
0.9922935 
0.9919687 
0.9916377 
0.9913006 
0.9909574 
0.9905407 
0.9899919 
0.9893121 
0.9885057 
0.9875774 
0.9865311 
0.9853701 
0.9840983 
0.9827185 
0.9812355 
0.9796506 
0.9779688 
0.9761925 
0.9743253 
0.9723694 
0.9703284 
0.9682052 
0.9660020 
0.9637220 
0.9613679 
0.9589416 
0.9564463 
0.9538843 
0.9512577 
0.9485690 
0.9458213 
0.9430150 
0.9401533 
0.9372391 
0.9342725 
0.9312567 
0.9281934 
0.9250845 
0.9219321 
0.9187371 
0.9155022 
0.9122286 
0.9089180 
0.9055722 
0.9021925 
0.8987805 
0.8953377 
0.8918654 
0.8883653 
0.8848387 
0.8812866 
0.8777106 
0.8741118 
0.8704916 
0.8668508 
0.8631909 
0.8595129 
0.8558179 
0.8521070 
0.8483814 
0.8446417 
0.8408890 
0.8371243 
0.8333485 
0.8295625 
0.8257669 
0.8219629 
0.8181512 
0.8143325 
0.8105077 
0.8066774 
0.8028424 
0.7990035 
0.7951613 
0.7913164 
0.7874695 
0.7836213 
0.7797724 
0.7759233 
0.7720746 
0.7682269 
0.7643807 
0.7605366 
0.7566950 
0.7528565 
0.7490214 
0.7451904 
0.7413637 
0.7375420 
0.7337255 
0.7299148 
0.7261100 
0.7223118 
0.7185205 
0.7147363 
0.7109596 
0.7071908 
0.7034302 
0.6996781 
0.6959346 
0.6922004 
0.6884754 
0.6847601 
0.6810546 
0.6773594 
0.6736749 
0.6700008 
0.6663375 
0.6626853 
0.6590443 
0.6554149 
0.6517972 
0.6481913 
0.6445969 
0.6410153 
0.6374463 
0.6338896 
0.6303455 
0.6268143 
0.6232960 
0.6197909 
0.6162989 
0.6128203 
0.6093551 
0.6059035 
0.6024656 
0.5990414 
0.5956311 
0.5922347 
0.5888523 
0.5854841 
0.5821300 
0.5787902 
0.5754647 
0.5721539 
0.5688572 
0.5655749 
0.5623074 
0.5590547 
0.5558167 
0.5525933 
0.5493847 
0.5461902 
0.5430106 
0.5398459 
0.5366963 
0.5335616 
0.5304420 
0.5273368 
0.5242466 
0.5211713 
0.5181110 
0.5150655 
0.5120350 
0.5090195 
0.5060188 
0.5030332 
0.5000624 
0.4971066 
0.4941657 
0.4912397 
0.4883285 
0.4854323 
0.4825509 
0.4796843 
0.4768326 
0.4739956 
0.4711734 
0.4683660 
0.4655733 
0.4627952 
0.4600316 
0.4572826 
0.4545482 
0.4518284 
0.4491230 
0.4464320 
0.4437554 
0.4410935 
0.4384460 
0.4358129 
0.4331941 
0.4305895 
0.4279991 
0.4254230 
0.4228610 
0.4203132 
0.4177794 
0.4152596 
0.4127538 
0.4102620 
0.4077840 
0.4053198 
0.4028694 
0.4004328 
0.3980098 
0.3956005 
0.3932047 
0.3908225 
0.3884533 
0.3860978 
0.3837558 
0.3814270 
0.3791110 
0.3768086 
0.3745194 
0.3722433 
0.3699802 
0.3677301 
0.3654929 
0.3632687 
0.3610573 
0.3588586 
0.3566721 
0.3544986 
0.3523378 
0.3501895 
0.3480532 
0.3459296 
0.3438185 
0.3417197 
0.3396332 
0.3375589 
0.3354967 
0.3334466 
0.3314085 
0.3293825 
0.3273683 
0.3253663 
0.3233758 
0.3213972 
0.3194303 
0.3174749 
0.3155311 
0.3135988 
0.3116779 
0.3097681 
0.3078702 
0.3059831 
0.3041074 
0.3022428 
0.3003893 
0.2985468 
0.2967150 
0.2948944 
0.2930843 
0.2912857 
0.2894976 
0.2877203 
0.2859535 
0.2841964 
0.2824508 
0.2807154 
0.2789905 
0.2772758 
0.2755715 
0.2738774 
0.2721935 
0.2705198 
0.2688561 
0.2672025 
0.2655588 
0.2639251 
0.2623012 
0.2606871 
0.2590828 
0.2574882 
0.2559032 
0.2543278 
0.2527619 
0.2512055 
0.2496585 
0.2481209 
0.2465926 
0.2450736 
0.2435638 
0.2420631 
0.2405716 
0.2390891 
0.2376156 
0.2361511 
0.2346955 
0.2332488 
0.2318106 
0.2303814 
0.2289608 
0.2275490 
0.2261454 
0.2247506 
0.2233641 
0.2219863 
0.2206166 
0.2192555 
0.2179024 
0.2165579 
0.2152213 
0.2138930 
0.2125727 
0.2112606 
0.2099564 
0.2086603 
0.2073718 
0.2060915 
0.2048188 
0.2035541 
0.2022969 
0.2010476 
0.1998057 
0.1985717 
0.1973449 
0.1961259 
0.1949142 
0.1937100 
0.1925131 
0.1913236 
0.1901413 
0.1889664 
0.1877985 
0.1866379 
0.1854844 
0.1843381 
0.1831988 
0.1820663 
0.1809408 
0.1798224 
0.1787107 
0.1776060 
0.1765080 
0.1754166 
0.1743322 
0.1732542 
0.1721831 
0.1711183 
0.1700603 
0.1690085 
0.1679635 
0.1669247 
0.1658924 
0.1648663 
0.1638468 
0.1628333 
0.1618262 
0.1608251 
0.1598304 
0.1588416 
0.1578591 
0.1568825 
0.1559121 
0.1549474 
0.1539889 
0.1530361 
0.1520894 
0.1511483 
0.1502132 
0.1492837 
0.1483600 
0.1474420 
0.1465297 
0.1456229 
0.1447218 
0.1438262 
0.1429362 
0.1420516 
0.1411724 
0.1402987 
0.1394304 
0.1385674 
0.1377097 
0.1368573 
0.1360102 
0.1351682 
0.1343315 
0.1334999 
0.1326735 
0.1318522 
0.1310360 
0.1302248 
0.1294186 
0.1286174 
0.1278212 
0.1270299 
0.1262435 
0.1254619 
0.1246852 
0.1239133 
0.1231462 
0.1223838 
0.1216259 
0.1208729 
0.1201246 
0.1193809 
0.1186417 
0.1179071 
0.1171771 
0.1164515 
0.1157305 
0.1150139 
0.1143019 
0.1135939 
0.1128906 
0.1121917 
0.1114971 
0.1108068 
0.1101207 
0.1094389 
0.1087613 
0.1080879 
0.1074187 
0.1067536 
0.1060926 
0.1054357 
0.1047829 
0.1041341 
0.1034894 
0.1028486 
0.1022117 
0.1015782 
0.1009489 
0.1003235 
0.0997020 
0.0990843 
0.0984704 
0.0978604 
0.0972541 
0.0966516 
0.0960528 
0.0954578 
0.0948663 
0.0942785 
0.0936944 
0.0931139 
0.0925370 
0.0919637 
0.0913940 
0.0908276 
0.0902649 
0.0897056 
0.0891499 
0.0885976 
0.0880486 
0.0875032 
0.0869610 
0.0864223 
0.0858868 
0.0853547 
0.0848258 
0.0843002 
0.0837778 
0.0832588 
0.0827429 
0.0822302 
0.0817207 
0.0812143 
0.0807110 
0.0802109 
0.0797139 
0.0792199 
0.0787290 
0.0782411 
0.0777563 
0.0772746 
0.0767957 
0.0763198 
0.0758465 
0.0753764 
0.0749091 
0.0744448 
0.0739834 
0.0735247 
0.0730690 
0.0726160 
0.0721658 
0.0717185 
0.0712739 
0.0708320 
0.0703929 
0.0699565 
0.0695228 
0.0690918 
0.0686635 
0.0682379 
0.0678148 
0.0673945 
0.0669767 
0.0665615 
0.0661489 
0.0657388 
0.0653313 
0.0649263 
0.0645238 
0.0641238 
0.0637263 
0.0633313 
0.0629387 
0.0625486 
0.0621608 
0.0617754 
0.0613924 
0.0610118 
0.0606335 
0.0602575 
0.0598838 
0.0595124 
0.0591431 
0.0587761 
0.0584113 
0.0580487 
0.0576883 
0.0573300 
0.0569740 
0.0566201 
0.0562682 
0.0559187 
0.0555712 
0.0552259 
0.0548826 
0.0545414 
0.0542023 
0.0538652 
0.0535302 
0.0531974 
0.0528665 
0.0525376 
0.0522107 
0.0518858 
0.0515630 
0.0512421 
0.0509232 
0.0506062 
0.0502912 
0.0499781 
0.0496670 
0.0493577 
0.0490503 
0.0487448 
0.0484413 
0.0481395 
0.0478397 
0.0475418 
0.0472458 
0.0469516 
0.0466593 
0.0463687 
0.0460800 
0.0457930 
0.0455078 
0.0452244 
0.0449428 
0.0446628 
0.0443846 
0.0441081 
0.0438332 
0.0435600 
0.0432885 
